{"filename": "SCUT-FBP-1.jpg", "s": 0.0024101109461477895, "R": [[0.9979819327147729, 0.06321901354376822, -0.005951327703911867], [-0.05740243479617707, 0.9958157421750738, -0.07110533113471504], [0.0014312169223584005, 0.0713034564926213, 0.9974350443065009]], "t": [253.09861393868368, -374.07247146332975, 40.195376487752256]}
{"filename": "SCUT-FBP-10.jpg", "s": 0.0033663775377985134, "R": [[0.999952327715594, 0.004967766883732807, 0.008406163712070506], [0.014807222545742633, 0.9772842686742298, -0.2114147685530899], [-0.009265470841656749, 0.21152916186495638, 0.9771641204708252]], "t": [342.3494065709229, -460.38549781003303, 82.05833503817868]}
{"filename": "SCUT-FBP-100.jpg", "s": 0.003029579325022947, "R": [[0.9986889298324699, 0.028186916632669572, 0.0427307753360412], [-0.008418494977192954, 0.9865744042307094, -0.16309529073256512], [-0.046754242582530955, 0.162521732544883, 0.9855182273773684]], "t": [305.07714560036084, -413.703762166487, 67.09086411345247]}
{"filename": "SCUT-FBP-101.jpg", "s": 0.002837859294495367, "R": [[0.9873061044312085, 0.0932451589950328, 0.12857681158304776], [-0.037501890837711355, 0.9566198121160389, -0.288915460387067], [-0.14993909337896966, 0.2804261241524558, 0.9479734498957776]], "t": [258.7056489237253, -345.7477967146391, 109.59357398035586]}
{"filename": "SCUT-FBP-102.jpg", "s": 0.0019909003416976887, "R": [[0.9988434244522203, 0.01918088755158661, 0.04408976050394143], [0.007945430748882723, 0.9661564667482825, -0.25783434971060293], [-0.04754309889700156, 0.2578864569451688, 0.964886633389769]], "t": [208.49958645714813, -251.51761176037976, 66.24199718648846]}
{"filename": "SCUT-FBP-103.jpg", "s": 0.0030451814705802576, "R": [[0.9792077554384222, -0.11722630319419867, -0.1655601568272662], [0.06511980632626453, 0.967325654779257, -0.24503160700185486], [0.18887473656285295, 0.22915560455581832, 0.9548465373547486]], "t": [341.1571054813562, -457.67989563106494, 111.9055169140431]}
{"filename": "SCUT-FBP-104.jpg", "s": 0.0028663326207138693, "R": [[0.9980173348033557, 0.0050190173160136195, -0.06273921339312495], [-0.023774156225200085, 0.9509521483397262, -0.3084230877606914], [0.058114008943207396, 0.309303159899401, 0.9491860515133068]], "t": [250.55989731888377, -271.7279063849953, 71.1859656730361]}
{"filename": "SCUT-FBP-105.jpg", "s": 0.0020273789335027593, "R": [[0.9988878837463743, -0.03698485651975472, 0.02924236811380215], [0.055480702655201095, 0.9599065084077718, -0.2747751567177883], [-0.017907419727294066, 0.2760919619301657, 0.9608909266051282]], "t": [242.13227714262248, -308.0317576726579, 60.71131883810445]}
{"filename": "SCUT-FBP-106.jpg", "s": 0.004106277070290609, "R": [[0.9996029564334225, 0.023428201454272674, 0.015654036737506868], [-0.010668062215697627, 0.9598039991242242, -0.2804683149906743], [-0.02159567524823854, 0.2801899586127359, 0.9596728486319126]], "t": [363.86614021190735, -554.0390826977597, 119.67437069477042]}
{"filename": "SCUT-FBP-107.jpg", "s": 0.002142035080298337, "R": [[0.9989412280448878, 0.04553135690969431, 0.006581675328751629], [-0.035194399204704706, 0.9776807349933453, -0.20712733930481525], [-0.015865565984544357, 0.20667640057786646, 0.9782480428014926]], "t": [234.10984804192555, -307.9645079939149, 45.36891384024035]}
{"filename": "SCUT-FBP-108.jpg", "s": 0.001918460730147562, "R": [[0.9967123035730872, 0.08078811787269397, 0.0061533662834245655], [-0.08150795117204773, 0.9728544294455137, -0.2165888108928508], [-0.02348413202914852, 0.215375184354596, 0.9762408533807685]], "t": [251.31204021161213, -287.6333066460968, 44.13316073009722]}
{"filename": "SCUT-FBP-109.jpg", "s": 0.0026937098859918926, "R": [[0.9955382731029083, -0.041486796488262825, -0.08474899707029361], [0.03766527126397486, 0.9880333996463458, -0.14957048012189914], [0.08994003976144939, 0.14571104352372594, 0.9851876758955225]], "t": [257.6856146426827, -312.18105969388245, 61.30467162103608]}
{"filename": "SCUT-FBP-11.jpg", "s": 0.0034528584683232626, "R": [[0.9970261523682403, 0.07438423864971304, 0.02014538493761905], [-0.062317875704518064, 0.9910991020225918, -0.11763950160421648], [-0.028716597683535024, 0.11603424205640718, 0.9927871920437508]], "t": [361.9287369229997, -490.76099470811107, 80.70051011321729]}
{"filename": "SCUT-FBP-110.jpg", "s": 0.002019948086079233, "R": [[0.9997168447222516, -0.023785401311185256, 0.0006964646808051969], [0.03513570206931498, 0.9913357003887552, -0.12656623394425642], [0.0023199983646674457, 0.12655486682265693, 0.9918907152272386]], "t": [236.74886360143267, -278.65605375181053, 37.94003090105292]}
{"filename": "SCUT-FBP-111.jpg", "s": 0.003464320443588969, "R": [[0.9984199914259854, 0.0489647190233744, -0.02756768056796622], [-0.04013947621452105, 0.9927999011960282, -0.11285910966501772], [0.02184307595010474, 0.11378734356253874, 0.993196687014447]], "t": [286.82237819579166, -470.6442456659051, 61.2078916286221]}
{"filename": "SCUT-FBP-112.jpg", "s": 0.001351650782171969, "R": [[0.9996998380301241, 0.016211518116540976, -0.018369009850857935], [-0.01290498038835398, 0.9689242741177845, -0.24702067222501994], [0.013793599433068914, 0.2471835777253236, 0.9688426492223641]], "t": [140.03625724253547, -173.5791385363636, 31.661134721392216]}
{"filename": "SCUT-FBP-113.jpg", "s": 0.0025637167074049633, "R": [[0.9993133163482707, 0.0062800130102702734, 0.03651653331864874], [0.012628279081924008, 0.9912120943236928, -0.13167805676675043], [-0.03702256937788103, 0.1320487765717295, 0.9904521394261926]], "t": [246.49483777980478, -331.6025016274811, 53.761461155638685]}
{"filename": "SCUT-FBP-114.jpg", "s": 0.0020981762462396764, "R": [[0.999015651651467, 0.027987034529107814, -0.03441589245771563], [-0.008650259450966412, 0.9987916549511806, 0.04837771192721694], [0.0357282548786099, -0.04803238500737978, 0.9980505911450408]], "t": [256.12169924463643, -329.75846909078086, 40.29167614822015]}
{"filename": "SCUT-FBP-115.jpg", "s": 0.0012445932811499913, "R": [[0.997966703066506, 0.017062064771348605, 0.061411281669627296], [0.004024384123261538, 0.9803166224707601, -0.19739079015989913], [-0.06357039467494541, 0.19723657865850744, 0.9782546833858613]], "t": [137.27471697421797, -181.3835325448586, 30.807873891329233]}
{"filename": "SCUT-FBP-116.jpg", "s": 0.002875875382542149, "R": [[0.9996897200601922, 0.024909104990362446, -9.723865325402868e-06], [-0.012231514510050561, 0.9913232952691581, -0.13087595008055544], [-0.003250363287052858, 0.13083546083624198, 0.9913203836158939]], "t": [312.9266580145608, -408.19965469902576, 54.898057034425804]}
{"filename": "SCUT-FBP-117.jpg", "s": 0.0036746596344329587, "R": [[0.9995631774526079, 0.009552609317775759, 0.027967873284683798], [0.0019090446707630024, 0.9941671976962642, -0.10783291971008753], [-0.02883482796254385, 0.10783920777885374, 0.9937146866905229]], "t": [337.4775434883012, -513.6519408274544, 74.13289329882546]}
{"filename": "SCUT-FBP-118.jpg", "s": 0.0028555895394638043, "R": [[0.999087107329498, 0.039229821518526886, -0.016910738351731305], [-0.03712737211682502, 0.9943443822868756, -0.09950280224310463], [0.012911620507776972, 0.1000398181397975, 0.9948931527699261]], "t": [293.7464190429753, -408.1593712391221, 62.06258401167325]}
{"filename": "SCUT-FBP-119.jpg", "s": 0.001247488854540603, "R": [[0.9992987122182504, -0.003907086731671987, -0.037240011173703465], [0.0021989655457752646, 0.9982244000875767, -0.05952488236297643], [0.03740645669120951, 0.059401248788769935, 0.9975329490614583]], "t": [135.31266041815076, -181.90577133932305, 23.930412481548153]}
{"filename": "SCUT-FBP-12.jpg", "s": 0.002625226672163668, "R": [[0.9996815030763572, 0.023877200785356757, -0.008171394596451914], [-0.012668482644246854, 0.9878073510290014, -0.15516490196097724], [0.004366860131571412, 0.15521900158766977, 0.9877952253302894]], "t": [268.0317934839398, -373.5288520917811, 50.60664531959651]}
{"filename": "SCUT-FBP-120.jpg", "s": 0.005297841777017923, "R": [[0.9992884883709165, 0.015752905788659843, -0.034268979683995886], [-0.016119739186342442, 0.9782303778904542, -0.2068948568255469], [0.030263761758464486, 0.20730005574360605, 0.9777882883334027]], "t": [527.6669504344093, -720.6971662210691, 138.04148426939437]}
{"filename": "SCUT-FBP-121.jpg", "s": 0.0024908627217872558, "R": [[0.9994639625527917, -0.00673922310977415, 0.03203701656129357], [0.020654321890105555, 0.9939471627664904, -0.10790012333497914], [-0.031115938709874235, 0.1085039876807688, 0.9935535639500996]], "t": [249.89465205824428, -358.61628152790774, 56.828100476768924]}
{"filename": "SCUT-FBP-122.jpg", "s": 0.0023271892809493553, "R": [[0.9975797224930518, -0.03380577407402433, -0.06076073493582639], [0.03773941933008417, 0.9970128030308134, -0.06738847691755981], [0.06285735027844817, 0.0649323032481015, 0.9958755656530563]], "t": [223.3097666976389, -328.4573828758365, 45.75125964187673]}
{"filename": "SCUT-FBP-123.jpg", "s": 0.006479600333157419, "R": [[0.9997426535171912, -0.015593407553049093, 0.01647641888548228], [0.026708752132975962, 0.966438074575997, -0.2555075156807311], [-0.011939205718716367, 0.2558818263082908, 0.9666058455938952]], "t": [699.71829600031, -889.8099633209225, 182.72950669855047]}
{"filename": "SCUT-FBP-124.jpg", "s": 0.0026970762701091664, "R": [[0.9904252654146487, -0.1036573448261182, -0.09117537217868735], [0.07760302393858474, 0.9732593094603487, -0.21620380945846585], [0.11114839259617608, 0.20705823077676713, 0.9719847333014949]], "t": [276.7283681546522, -347.78971361932565, 74.36904893327926]}
{"filename": "SCUT-FBP-125.jpg", "s": 0.0025528057907057, "R": [[0.9999794915809209, 0.005070034496653489, 0.003912948730286602], [0.011205194202417277, 0.9823659557684402, -0.18663218524693145], [-0.004790179236688669, 0.1866722030662897, 0.9822889982745824]], "t": [301.5146950265325, -418.5790914225561, 57.31163768957369]}
{"filename": "SCUT-FBP-126.jpg", "s": 0.002769369112469406, "R": [[0.9988313663178527, 0.024499052310415652, 0.041661710184568566], [-0.007405978690749808, 0.9695830065318037, -0.24465065894940943], [-0.0463881955093899, 0.2440562062111545, 0.9686313586320875]], "t": [333.712933642224, -450.6550283901718, 79.97160325280183]}
{"filename": "SCUT-FBP-127.jpg", "s": 0.0022851913216902914, "R": [[0.9995158622149927, -0.00409219864363264, -0.03084307200784072], [0.00344718675552327, 0.9771790107626743, -0.2123894955697053], [0.031008342599195896, 0.21218034796043628, 0.9767200280538133]], "t": [289.05285179218134, -373.3256426409337, 62.22327440674039]}
{"filename": "SCUT-FBP-128.jpg", "s": 0.00345568237337982, "R": [[0.9995453882373174, 0.03003228183624678, 0.0026606204574524494], [-0.032357163745554536, 0.9931244969964496, -0.11250221073335628], [-0.0060210254534509115, 0.11236497577322255, 0.9936447703793349]], "t": [469.20769540566084, -545.1932847468635, 73.95894624268588]}
{"filename": "SCUT-FBP-129.jpg", "s": 0.005214022369293554, "R": [[0.9998257362586297, 0.01212837389854969, -0.014191534852375395], [-0.009366714690073698, 0.9973213225204695, -0.07254270674531287], [0.013273695236546366, 0.07266299323980273, 0.9972611285934209]], "t": [754.6699400863859, -897.6088794088831, 92.73296072149846]}
{"filename": "SCUT-FBP-13.jpg", "s": 0.0033839052906704877, "R": [[0.9982278656608962, -0.0359415605141081, -0.047427127742490936], [0.018474597008566292, 0.9693937911157661, -0.24481496484400925], [0.05477459503772522, 0.24350492276576635, 0.9683399009367729]], "t": [360.5724163569347, -484.8238373041449, 89.19210732559941]}
{"filename": "SCUT-FBP-130.jpg", "s": 0.002071515990207545, "R": [[0.9872395300452338, 0.12129301115983636, 0.10318001628147563], [-0.0931662456330164, 0.9747250908613722, -0.20305429795977756], [-0.12520121797352723, 0.1908503349501771, 0.9735875550965644]], "t": [273.59264996270826, -327.70149703178885, 63.966002635221834]}
{"filename": "SCUT-FBP-131.jpg", "s": 0.0026254846022476398, "R": [[0.9987364459727787, 0.030141542470447865, 0.040211924887587444], [-0.01176612429769754, 0.979893935975885, -0.19917186688058935], [-0.04540676863576438, 0.19844706395960615, 0.9790104361820646]], "t": [372.32563876775225, -441.94881763475615, 68.14116308662867]}
{"filename": "SCUT-FBP-132.jpg", "s": 0.0032872593126159018, "R": [[0.9998217283161778, 0.01621220942205716, -0.009678628648031404], [-0.015702967262495458, 0.9965810783916627, -0.08111455486448518], [0.0083304920247676, 0.08125207762501288, 0.9966579959985596]], "t": [383.8867444760355, -493.176996117021, 63.99450424195097]}
{"filename": "SCUT-FBP-133.jpg", "s": 0.0015677043292423001, "R": [[0.999166651677324, 0.039610639679656855, 0.009848827346112218], [-0.028882968591302256, 0.9450598675254287, -0.3256188276469484], [-0.022205701521833193, 0.32506301037219815, 0.9454163763317469]], "t": [184.84780198268703, -236.98834870175168, 45.14013432856123]}
{"filename": "SCUT-FBP-134.jpg", "s": 0.00294215160283229, "R": [[0.9977434048163423, 0.029704078004438528, -0.06021433297312887], [-0.02132870587220821, 0.9972244664544511, -0.07133337094552743], [0.0579283140571536, 0.07245669420149276, 0.995607684069386]], "t": [370.0854215105741, -496.6069635368425, 64.91762453829739]}
{"filename": "SCUT-FBP-135.jpg", "s": 0.00549312527076641, "R": [[0.9993204883455482, 0.014139110100552561, -0.034038906245347715], [-0.01909432303971605, 0.9896166661403992, -0.14245792685848177], [0.031671240605038085, 0.14301107490867968, 0.9892141868180712]], "t": [654.8144071562485, -870.3294004793268, 125.11308562981156]}
{"filename": "SCUT-FBP-136.jpg", "s": 0.005378302698902968, "R": [[0.9995670456213773, 0.020304997635447308, 0.021293857771099812], [-0.007651611487681975, 0.9862064433327944, -0.16534298887621832], [-0.024357428735440136, 0.1651084705784714, 0.9859348268880923]], "t": [624.7162127407292, -842.5035637190708, 117.46090849529931]}
{"filename": "SCUT-FBP-137.jpg", "s": 0.005823722458814422, "R": [[0.9994447561793537, 0.010776187649804871, 0.03152860804615816], [0.012765128627600387, 0.9759298483069644, -0.21771077758040855], [-0.03311580186040829, 0.21799236175362732, 0.9752504098678427]], "t": [743.725180999779, -1086.147425561699, 178.45827839828135]}
{"filename": "SCUT-FBP-138.jpg", "s": 0.0047767313619679445, "R": [[0.9999742742973337, 0.0056326850918125585, 0.004441126228498693], [0.021533590972636796, 0.9935279494059845, -0.11152810501825425], [-0.005040585729307866, 0.11162086927504794, 0.9933810982645227]], "t": [545.6617472844658, -670.5742642942895, 89.51242988647698]}
{"filename": "SCUT-FBP-139.jpg", "s": 0.007387030253632397, "R": [[0.9994485899781216, 0.014049214142308926, -0.030085471123585793], [-0.02378077212505657, 0.9933727599118927, -0.11245014336213717], [0.028306251338857967, 0.11310359295919058, 0.9931591053766706]], "t": [879.4721589310606, -1184.0876364544013, 139.8867719076671]}
{"filename": "SCUT-FBP-14.jpg", "s": 0.0032371107742763918, "R": [[0.9988335260724988, 0.021532989631020915, -0.043219411739742704], [-0.009509884210499895, 0.9956543334624236, -0.09263914053897511], [0.04103679693571913, 0.09294209099816114, 0.994697704879733]], "t": [334.6470164136673, -431.67579736180573, 64.4096835855776]}
{"filename": "SCUT-FBP-140.jpg", "s": 0.006152106248462659, "R": [[0.9998890561858557, -0.006635478705969818, 0.013335881751924005], [0.020214446116822434, 0.9941603008582645, -0.10600317148838122], [-0.012554622427526587, 0.10626098855531949, 0.9941841374493775]], "t": [705.8275549910808, -967.1628305668102, 114.28346987992306]}
{"filename": "SCUT-FBP-141.jpg", "s": 0.00499354213080291, "R": [[0.9985945892509565, -0.038122956338185576, -0.03681693250055298], [0.03626148127663558, 0.9917170813724138, -0.12321662018496247], [0.04120936267598368, 0.12170841371396175, 0.99170570639371]], "t": [601.3824210243217, -766.9054121629152, 108.2042237515105]}
{"filename": "SCUT-FBP-142.jpg", "s": 0.0022865015911083075, "R": [[0.9997413942385253, 0.013166935242680191, 0.018541209839835177], [-0.003114721919644942, 0.9704728015327541, -0.24119046414095877], [-0.021169479079567493, 0.2410703401846143, 0.970262843016738]], "t": [262.4655095953276, -295.1133107241765, 58.18308436579265]}
{"filename": "SCUT-FBP-143.jpg", "s": 0.004888123112766051, "R": [[0.998308553485143, 0.014831297802949995, 0.05621445226880203], [0.004557727249814464, 0.9951430309045481, -0.09833399800895817], [-0.05739984122004025, 0.09842388145167288, 0.9933922026829939]], "t": [587.9044417499831, -800.8889940048784, 103.15375962114429]}
{"filename": "SCUT-FBP-144.jpg", "s": 0.0024431306380198158, "R": [[0.999100774451142, 0.03909027984640563, -0.016419272598324083], [-0.03910867287508465, 0.9885027457099164, -0.14605763735562138], [0.01052106212806688, 0.14656843455740007, 0.9891426277529664]], "t": [247.2931709162609, -317.03669859361446, 52.88077892250631]}
{"filename": "SCUT-FBP-145.jpg", "s": 0.005265687038267468, "R": [[0.9998125226078687, 0.0022159296762787146, 0.019235625598345334], [0.0039764374368569215, 0.9929362030712623, -0.11858281737138689], [-0.01936252022943139, 0.11863707503578513, 0.9927412384756356]], "t": [618.9928584601082, -836.2101261564459, 127.98110027619681]}
{"filename": "SCUT-FBP-146.jpg", "s": 0.0062124595657046325, "R": [[0.9979794967281825, 0.024973725632319973, -0.058422916207643845], [-0.03279672492060413, 0.985478897067256, -0.1666004749980829], [0.05341391647494527, 0.1681799385051845, 0.9843067901412303]], "t": [695.4365693199658, -928.212907830522, 162.76482765077395]}
{"filename": "SCUT-FBP-147.jpg", "s": 0.005650509477379493, "R": [[0.9981698001084978, -0.059458627421251964, -0.011032759244278052], [0.06878573865511593, 0.9945805182339875, -0.07796226591808983], [0.015608496728865155, 0.07706068289344355, 0.9968501426840156]], "t": [729.7571597167606, -949.8804288083677, 120.7037458525437]}
{"filename": "SCUT-FBP-148.jpg", "s": 0.0044934384878683314, "R": [[0.9978525612061536, -0.027186574669419265, -0.05959157870088146], [0.032787043003243616, 0.9988665241576575, -0.03450618391394555], [0.06046213803155016, 0.032478252342484165, 0.9976128868266041]], "t": [518.041989908318, -676.7515205628272, 86.78077780311813]}
{"filename": "SCUT-FBP-149.jpg", "s": 0.004525391685444188, "R": [[0.9998396966522181, -0.00225522773208138, 0.017762177408102906], [0.018946929263551574, 0.9885562319914878, -0.1496582442175294], [-0.01722139774782456, 0.14997079221887616, 0.9884404927583418]], "t": [580.4363862238649, -701.6742605906722, 79.17461594383084]}
{"filename": "SCUT-FBP-15.jpg", "s": 0.0032101014165529336, "R": [[0.9979918569464702, 0.0633409223723575, 0.00042546627968241264], [-0.0757253953158941, 0.9708390849392527, -0.22745798657898575], [-0.014820457964511653, 0.22696899980104476, 0.9736860175610569]], "t": [315.74412027107667, -428.44030782042853, 79.10622633423218]}
{"filename": "SCUT-FBP-150.jpg", "s": 0.00408473054649322, "R": [[0.9983130931987291, 0.04737247102028945, 0.033568094039092986], [-0.03076905316293427, 0.9791689725395497, -0.20070223861058217], [-0.04237659713265668, 0.19933081416917245, 0.9789748118194621]], "t": [510.99653278204346, -631.0214289582389, 93.57635492122749]}
{"filename": "SCUT-FBP-151.jpg", "s": 0.006219754690156373, "R": [[0.9964467678096494, 0.06122834195255362, -0.05783536170409827], [-0.04903367086562453, 0.9936011804801959, -0.10174671134637654], [0.05123550122782744, 0.10422106174655138, 0.9930729351482926]], "t": [787.6730793243095, -1044.1291490537599, 127.22455933683084]}
{"filename": "SCUT-FBP-152.jpg", "s": 0.005727559066668979, "R": [[0.9997814086670879, 0.019517592947001467, 0.0074965624928018644], [-0.011727430126301135, 0.9966155555236265, -0.08136277939553269], [-0.009059196402559998, 0.0812570787843134, 0.9966265952084632]], "t": [712.6923075778863, -1018.5015504250473, 117.95690688401244]}
{"filename": "SCUT-FBP-153.jpg", "s": 0.0064132365037054065, "R": [[0.9992963957505385, -0.017387916703129436, -0.0332321198948849], [0.027568116742959316, 0.999351800261906, -0.023151204127092682], [0.03361313005241176, 0.0222187678806105, 0.9991280042061235]], "t": [689.7514331311876, -911.8216490160618, 107.81134397982673]}
{"filename": "SCUT-FBP-154.jpg", "s": 0.006055021065198304, "R": [[0.9997355806561542, 0.003230870734190631, 0.02276686725048821], [0.012192178472658952, 0.999689234719495, 0.02174361446589281], [-0.022689541290967515, -0.021460287324841613, 0.9993855061953875]], "t": [623.3112441967759, -881.5746443259962, 89.63871836041393]}
{"filename": "SCUT-FBP-155.jpg", "s": 0.006425943571781361, "R": [[0.9982456047478565, 0.040770583488746535, 0.042935674253159105], [-0.02566010587931294, 0.9820460937329841, -0.1868877437127686], [-0.04978433354017166, 0.18545813479517934, 0.9813693742178355]], "t": [614.6991069983587, -871.9878334358032, 148.14873045652934]}
{"filename": "SCUT-FBP-156.jpg", "s": 0.005281674150565293, "R": [[0.9958905122081245, -0.02430742527664067, -0.0872424023641019], [0.031104387193070716, 0.997003936770574, -0.07082137503127857], [0.08870250389189378, 0.067816713992397, 0.9936628288314348]], "t": [630.9216359942537, -802.4245147636059, 115.62960802132179]}
{"filename": "SCUT-FBP-157.jpg", "s": 0.005865462471448021, "R": [[0.9998311398316567, -0.01624834197235929, -0.008583892245327568], [0.03153630266262251, 0.9992194053637926, 0.023791627914041377], [0.008190617198656611, -0.024058314679618636, 0.9995630896369971]], "t": [688.0534191082215, -936.7871287378904, 82.32829123213544]}
{"filename": "SCUT-FBP-158.jpg", "s": 0.005420520013300092, "R": [[0.9998037721684122, 0.01729340910780372, -0.009662047362946256], [-0.017141574687132847, 0.9965828375235408, -0.080801079019858], [0.008231704461409445, 0.08095084630583453, 0.9966837164981526]], "t": [605.7639613053441, -790.5419684656744, 96.68724847003975]}
{"filename": "SCUT-FBP-159.jpg", "s": 0.002115301894446698, "R": [[0.9939520996126691, 0.08885485008340743, 0.06452936767257132], [-0.07407569817312569, 0.9926107353033575, -0.0961078513998299], [-0.07259219182210203, 0.09074654272510728, 0.9931895095088443]], "t": [217.93573361433317, -267.25157707638465, 43.16075507443707]}
{"filename": "SCUT-FBP-16.jpg", "s": 0.003239112259479633, "R": [[0.9990250033064676, 0.023791658824358443, 0.037188704453071014], [-0.010509181711888475, 0.9867454187685778, -0.16193528225488965], [-0.04054849273604095, 0.16138657303739787, 0.9860333761137327]], "t": [307.7736115914703, -430.6651087670131, 66.39260832580027]}
{"filename": "SCUT-FBP-160.jpg", "s": 0.005439604312044119, "R": [[0.9956309395912792, 0.0156262000502095, 0.09205897023417893], [0.01990406884872529, 0.9959936519626243, -0.08718069335248359], [-0.09305245291430028, 0.08863214371843628, 0.9913310705688538]], "t": [675.775496528545, -904.3583346787138, 122.44721688184234]}
{"filename": "SCUT-FBP-161.jpg", "s": 0.004975258851415559, "R": [[0.9968411731668143, 0.001554096801012381, 0.07940566895721096], [0.020738099178891495, 0.9876487670060826, -0.15530564791343304], [-0.078666271049484, 0.15646178690365967, 0.984496726565508]], "t": [554.3715101752089, -746.384446688504, 124.5143359842771]}
{"filename": "SCUT-FBP-162.jpg", "s": 0.005067596224958821, "R": [[0.9976837925538077, 0.05481642671557885, 0.04027666120207076], [-0.02937718550505272, 0.9844098300265369, -0.17341934009483068], [-0.04915496975533923, 0.1718344499803319, 0.9837400849844722]], "t": [634.2819288351764, -859.6742327484711, 121.10765563657257]}
{"filename": "SCUT-FBP-163.jpg", "s": 0.005152365203644486, "R": [[0.9975652600456765, 0.06823604670294174, 0.014401176353193282], [-0.04634124954943608, 0.9950696754396472, -0.08768597157260777], [-0.020313517931142444, 0.08680511052699749, 0.9958090832120465]], "t": [586.5810637679999, -786.970922986276, 88.90584178043316]}
{"filename": "SCUT-FBP-164.jpg", "s": 0.003935973521045222, "R": [[0.9998243411333584, 0.009428373290935635, -0.0161985386480584], [0.007549725729998168, 0.9960690928489099, -0.0882573731342127], [0.015302740237062788, 0.08811957542005557, 0.9958229428485367]], "t": [470.7231422050497, -600.2996215194455, 71.03407690281409]}
{"filename": "SCUT-FBP-165.jpg", "s": 0.004959550810277859, "R": [[0.9995366452441709, -0.029194813949293873, 0.008611483756850521], [0.03459027829334989, 0.9991014025162422, -0.024492858911651417], [-0.007888681040203228, 0.024779383648658972, 0.9996483208690594]], "t": [576.8585053656465, -779.579505184469, 81.00175096601271]}
{"filename": "SCUT-FBP-166.jpg", "s": 0.002599070889395038, "R": [[0.9975057741487781, -0.022243676960641803, -0.06698842717304052], [0.020757553174536567, 0.9925054191368683, -0.12042473570722767], [0.06916506590784038, 0.11873385337917718, 0.990491610770287]], "t": [301.97821710780795, -384.78210999942445, 51.281940656475676]}
{"filename": "SCUT-FBP-167.jpg", "s": 0.0016426856472764946, "R": [[0.9992516342325629, -0.0069393383907287816, 0.03805281942578528], [0.03368282604646508, 0.9635825082359862, -0.2652813922067833], [-0.03482615383846273, 0.26636459119141404, 0.9630951326006137]], "t": [179.5088038538585, -239.5628440744386, 42.72517536982429]}
{"filename": "SCUT-FBP-168.jpg", "s": 0.0038660437217106756, "R": [[0.9971233780222889, 0.043472931450913126, 0.06208923604364846], [-0.014453825769286655, 0.988274136675312, -0.15200433447536235], [-0.06796926016075544, 0.15066964846618017, 0.9860595957506201]], "t": [484.9527953915657, -619.5057854855391, 88.80121386969608]}
{"filename": "SCUT-FBP-169.jpg", "s": 0.001780063314518339, "R": [[0.9997340223267543, 0.0075643711302332065, -0.021786805451293977], [-0.009671175270479847, 0.9738518655786028, -0.22697799954612946], [0.019500175306775887, 0.22712833248003553, 0.9736659990843217]], "t": [207.0406125867129, -265.57897707798907, 46.02676847993771]}
{"filename": "SCUT-FBP-17.jpg", "s": 0.003255903115266201, "R": [[0.9980031410239313, 0.029978757971790254, 0.05559680365664853], [-0.012618516417594882, 0.9897443110538898, -0.14229185422883495], [-0.05929235319123148, 0.1413061682827894, 0.9881462186919951]], "t": [298.32276948980024, -435.4086246033711, 67.65433232253073]}
{"filename": "SCUT-FBP-170.jpg", "s": 0.00491120203013742, "R": [[0.9987076847726719, 0.018258120146457973, 0.04742996336417401], [0.0020223365305403283, 0.9989753184717772, -0.04521308703426644], [-0.04820686873209435, 0.045250576820971104, 0.99764740339264]], "t": [581.7773131620704, -790.6532550240905, 89.84153284393707]}
{"filename": "SCUT-FBP-171.jpg", "s": 0.0060349340196504155, "R": [[0.9995221196818828, -0.030255589350960666, -0.006334949065476132], [0.03208901013961365, 0.9964396579258324, -0.07796347568515472], [0.008671225384484256, 0.07772293622979677, 0.9969343509385812]], "t": [655.1126650731841, -891.3956188983967, 96.37234192965025]}
{"filename": "SCUT-FBP-172.jpg", "s": 0.002002573263813242, "R": [[0.9997219988470303, -0.0051639123522312135, 0.023005630409025875], [0.020518411739233383, 0.9901151714421214, -0.13874776416158202], [-0.02206174240336828, 0.13918123112022615, 0.989945873562716]], "t": [223.05780020729506, -290.7951181209396, 41.208554127974686]}
{"filename": "SCUT-FBP-173.jpg", "s": 0.004981102350888422, "R": [[0.9999051964286977, -0.005125403030506256, 0.01277999994766451], [0.021751360177178894, 0.9957675520966, -0.08929647541749822], [-0.012268228837962192, 0.0895659921746499, 0.995784634263844]], "t": [533.2623936619428, -756.6392638712207, 92.1368704555931]}
{"filename": "SCUT-FBP-174.jpg", "s": 0.006506599628865389, "R": [[0.9983976138747406, -0.03202222579434868, -0.04665599280264131], [0.0451650320467945, 0.9989791743184304, -0.0008539076524590991], [0.04663570919064382, -0.0012546800474217625, 0.998824708804291]], "t": [802.7207182048912, -1090.9525752070933, 110.57648703385767]}
{"filename": "SCUT-FBP-175.jpg", "s": 0.008350018969196167, "R": [[0.9985449130123761, 0.04066676760758953, -0.035415684512040274], [-0.04206447584337551, 0.9838013431930495, -0.17425698552303057], [0.02775552965878232, 0.17549316865652678, 0.98408045292382]], "t": [893.3955014351944, -1164.3311104455047, 185.52880553535402]}
{"filename": "SCUT-FBP-176.jpg", "s": 0.012123611203038533, "R": [[0.9975200095555744, 0.05995665691468387, 0.03686502173960583], [-0.049175754048895896, 0.9880832737784135, -0.145853314302607], [-0.04517058849389308, 0.14367873423477467, 0.9885812505151769]], "t": [1255.3587323311872, -1743.0801751321158, 253.38268321418815]}
{"filename": "SCUT-FBP-177.jpg", "s": 0.0020275576091520007, "R": [[0.9999108327751414, 0.01023870833696125, -0.008572942931910653], [-0.006232491822030621, 0.9875654107990223, -0.15708505797512068], [0.006857993815607009, 0.15712448193314812, 0.9875411649979532]], "t": [210.12716235108104, -302.0938964368336, 42.04462646572176]}
{"filename": "SCUT-FBP-178.jpg", "s": 0.005041626671974286, "R": [[0.9998511166289265, -0.013168211063231912, -0.011150909975560981], [0.028675643246321436, 0.9970852681422513, -0.07070131213849176], [0.012049417863699426, 0.07037102637247022, 0.997314425648924]], "t": [574.6762345982357, -788.4388868045465, 93.76786454915651]}
{"filename": "SCUT-FBP-179.jpg", "s": 0.005891417808643997, "R": [[0.9996880760005182, 0.020615747928246112, 0.014097575668921343], [0.004588958694544281, 0.9924067549508299, -0.12291368591846673], [-0.016524486888094728, 0.12294003938240189, 0.992002594651013]], "t": [620.7376185931968, -834.8376044257569, 109.79395086950929]}
{"filename": "SCUT-FBP-18.jpg", "s": 0.003241624884295419, "R": [[0.9994678791066461, 0.030907464266096803, -0.010425319501230603], [-0.028654083557395522, 0.9880929415937048, -0.15116640588498956], [0.005629014324900561, 0.15138469505814575, 0.9884527817585352]], "t": [331.4193252951099, -424.0436684871968, 60.84042927940789]}
{"filename": "SCUT-FBP-180.jpg", "s": 0.005157959132519364, "R": [[0.9999850778180395, -0.005411710011607717, 0.0007466833330305625], [0.032030232814231514, 0.9965572512791857, -0.07647031521276969], [-0.0003302775195131746, 0.07649309054980698, 0.9967157188021429]], "t": [611.3784097138298, -803.9075597069634, 91.6319918380393]}
{"filename": "SCUT-FBP-181.jpg", "s": 0.006882894049950722, "R": [[0.9993843077897056, -0.01474356168238451, 0.031837599353735424], [0.037411772245212915, 0.9946700446247448, -0.09608257710782066], [-0.03025130696773314, 0.09721452082940664, 0.9946092167982008]], "t": [740.6703249230502, -1032.3834369291985, 134.0231403978213]}
{"filename": "SCUT-FBP-182.jpg", "s": 0.006030765820481428, "R": [[0.9991628865988785, -0.008299313558727844, -0.040058050849370745], [0.02872377426387204, 0.998324053988004, 0.0502397056220989], [0.03957396064874543, -0.05134826770130228, 0.9977267311529547]], "t": [701.4754057851835, -952.5625436329942, 104.16579460258012]}
{"filename": "SCUT-FBP-183.jpg", "s": 0.005264163884578135, "R": [[0.9999754676977051, 0.0007886831195693152, 0.006960027420411975], [0.0018566739966386781, 0.9921663307849014, -0.12491006692215056], [-0.007004019329118224, 0.12491992509255652, 0.992140526333108]], "t": [597.3354542169672, -798.3255668029125, 100.8698272040641]}
{"filename": "SCUT-FBP-184.jpg", "s": 0.005520676941471716, "R": [[0.999303641487309, 0.03524120377290717, -0.01225926860951594], [-0.01741842308931235, 0.9995475165039457, 0.02452265866247477], [0.013117929503774158, -0.024292044972955264, 0.9994653192794821]], "t": [611.173176527735, -834.6250389257356, 90.00961027080962]}
{"filename": "SCUT-FBP-185.jpg", "s": 0.006049636745541524, "R": [[0.998894083491019, 0.04034957594325658, 0.024135486070030004], [-0.026222547888402878, 0.9952995278288718, -0.09322675520399341], [-0.027783697928468097, 0.09249076025705334, 0.9952568783371137]], "t": [674.1722033941255, -865.7512889280163, 118.70987546649769]}
{"filename": "SCUT-FBP-186.jpg", "s": 0.0027068591997411653, "R": [[0.9998162558420498, 0.010791445846367443, 0.015842955864667017], [0.004024330171997007, 0.9725963396417923, -0.2324654057748253], [-0.017917438720654467, 0.23248644889988845, 0.9723742024052203]], "t": [249.28223812605873, -277.9927008107131, 85.67866190779102]}
{"filename": "SCUT-FBP-187.jpg", "s": 0.005990447815783008, "R": [[0.9988653191410508, 0.030937595316820096, -0.03620689731610812], [-0.02071828478035399, 0.9983943977801198, -0.05271981749809063], [0.03451773906246987, 0.053410142139896415, 0.9979025126774699]], "t": [626.9270093505398, -856.419364412846, 112.45153482767572]}
{"filename": "SCUT-FBP-188.jpg", "s": 0.002358536550386126, "R": [[0.9991880946049805, -0.03871161491449851, 0.011160755815806734], [0.04013458884536826, 0.9816250252910862, -0.1865516671072322], [-0.0037339609112460315, 0.1868481371481289, 0.9823817133852998]], "t": [279.32889966431105, -366.34463057722786, 46.48528825321146]}
{"filename": "SCUT-FBP-189.jpg", "s": 0.001953193475288228, "R": [[0.9997905779886721, -0.015835058416112113, -0.012963452087899055], [0.016516570742671984, 0.9791166521470166, -0.20262720542740598], [0.0159013454432085, 0.2023706590570166, 0.9791731444309434]], "t": [279.5746066179029, -364.73133436688124, 43.65621291229122]}
{"filename": "SCUT-FBP-19.jpg", "s": 0.003240720184318163, "R": [[0.9989357826105637, 0.04599358652058937, 0.0034485097061796254], [-0.037028837943397376, 0.9768007343497488, -0.21092460865046822], [-0.013069686050695258, 0.210572444707026, 0.9774642950839462]], "t": [341.83832916038943, -450.79163063869464, 83.1443271441392]}
{"filename": "SCUT-FBP-190.jpg", "s": 0.006514133095281063, "R": [[0.9982530112816282, 0.05307945673160134, -0.02595181574070252], [-0.04692324800363498, 0.9893341151542487, -0.13789930162531241], [0.01835539664853522, 0.13887613658724726, 0.9900964201284891]], "t": [759.8289641207501, -1030.143229496101, 120.3166670236595]}
{"filename": "SCUT-FBP-191.jpg", "s": 0.005310242422309544, "R": [[0.9999052493873948, 0.010786883555759432, 0.008551923215648571], [0.0005501235365064896, 0.9971161713618055, -0.07588832698689066], [-0.009345859481016629, 0.0758858411356624, 0.9970157598752009]], "t": [609.7904254665585, -912.5156714298977, 93.87680193678277]}
{"filename": "SCUT-FBP-192.jpg", "s": 0.004975329606320692, "R": [[0.9979843516057871, 0.03550606336302526, 0.052598036222256554], [-0.002505169151702353, 0.9947695440355875, -0.1021140459816901], [-0.05594859229686223, 0.1017764529910964, 0.9928533870961758]], "t": [539.2676637242472, -762.0576789032549, 97.48026543297695]}
{"filename": "SCUT-FBP-193.jpg", "s": 0.0015601981830760925, "R": [[0.9999716916216098, -0.0024863625900784433, -0.007101686876145135], [0.014329869667918693, 0.9818234823827101, -0.18925460173319106], [0.007443158501278008, 0.18914747799495557, 0.9818313178039215]], "t": [147.45044592553867, -205.7589734900611, 30.958451053506572]}
{"filename": "SCUT-FBP-194.jpg", "s": 0.0013445666416273558, "R": [[0.9991727454755618, -0.03544775329147096, -0.019931921267536953], [0.03895252589291266, 0.9748407446442026, -0.2194726026366359], [0.02721025964313585, 0.21851464425384529, 0.9754150827555205]], "t": [132.83419965847173, -190.35900438181088, 32.99428212944711]}
{"filename": "SCUT-FBP-195.jpg", "s": 0.004984364911785088, "R": [[0.999149611646398, 0.013586634036719709, 0.03892887003759917], [-0.0009826173236195388, 0.9958205486311233, -0.0913261703303256], [-0.04000698397268497, 0.09121025543660975, 0.9949870648962641]], "t": [566.1895278233627, -791.7627513727493, 87.52391336328816]}
{"filename": "SCUT-FBP-196.jpg", "s": 0.002741441905574243, "R": [[0.9993433538782543, -0.03623315940451414, -0.00013863235271361854], [0.04117347016972511, 0.9383724093759, -0.34316463494400307], [0.012564027694751293, 0.3429335892423078, 0.9392480756804269]], "t": [274.4136955778478, -311.4042645707405, 80.47042267929804]}
{"filename": "SCUT-FBP-197.jpg", "s": 0.007530409960731692, "R": [[0.9998374862852311, 0.009267787347770933, 0.015463154157769854], [0.006552120865449672, 0.9986719923474945, -0.051101090133679715], [-0.015916213007314682, 0.05119410196069614, 0.9984489707893245]], "t": [863.2780095603987, -1215.6329964357706, 117.58044875119009]}
{"filename": "SCUT-FBP-198.jpg", "s": 0.007797208204663796, "R": [[0.999881723345841, -0.010105216933507698, -0.011594132553922313], [0.009675184245540407, 0.9986467563540794, -0.051098403431914435], [0.012094803319349146, 0.05098018431509723, 0.998626409592724]], "t": [802.1883572512811, -1156.087430596037, 126.2391906895969]}
{"filename": "SCUT-FBP-199.jpg", "s": 0.005668281241533519, "R": [[0.9996889863862615, 0.018154256910679116, 0.01709834652912881], [-0.01142546983935492, 0.9968157118189722, -0.07891701533753993], [-0.018476580237422692, 0.07869711442884295, 0.9967131094769969]], "t": [675.1569754803719, -889.7637103505584, 97.45996520991655]}
{"filename": "SCUT-FBP-2.jpg", "s": 0.0030470742133224195, "R": [[0.9997425638525403, 0.006946127075671221, 0.02159993843041963], [0.0028220394701190983, 0.9883630555938236, -0.15208716721166674], [-0.0224049979377591, 0.1521089703560645, 0.9880890129717281]], "t": [328.70956698078885, -443.67508680575065, 59.54106155181926]}
{"filename": "SCUT-FBP-20.jpg", "s": 0.003247595037423167, "R": [[0.9997817914444344, 0.020487440485812476, 0.004078514251280209], [-0.016616838163387444, 0.9815672949634606, -0.19039308324507598], [-0.007904003162992874, 0.19028376583413079, 0.981693545064771]], "t": [328.4764259803391, -422.1228591680531, 79.84501985285894]}
{"filename": "SCUT-FBP-200.jpg", "s": 0.0023542017115512313, "R": [[0.9988155114939699, 0.009547805261979592, 0.047711774371937084], [-0.004458062825365285, 0.9972436061946826, -0.07406291635947172], [-0.04828740023515209, 0.07376248759866111, 0.9961049473211352]], "t": [244.70397763891467, -349.1211839529584, 43.10830235411458]}
{"filename": "SCUT-FBP-201.jpg", "s": 0.002652004442304972, "R": [[0.9969039613838468, -0.015576755783283703, -0.07707046422892201], [0.017684674183003343, 0.9914127004524129, -0.1295689379469294], [0.07842690076981543, 0.12780482146257044, 0.9886187182981232]], "t": [245.13111866744296, -325.15790119573745, 63.42042514607175]}
{"filename": "SCUT-FBP-202.jpg", "s": 0.0024355885516221436, "R": [[0.9982363160883561, -0.009319627771757079, -0.05862935937347246], [0.0009243508916637227, 0.9893822665228704, -0.14533367216683477], [0.05936130418900755, 0.14502315540679944, 0.987645923543179]], "t": [263.2742843316713, -352.38629467693556, 56.9019015070065]}
{"filename": "SCUT-FBP-203.jpg", "s": 0.0019561947501761452, "R": [[0.9991274144616837, 0.025885912545783436, 0.03277696146354992], [-0.016711683791224837, 0.986196058690339, -0.1647363149050739], [-0.03658886005194544, 0.16404481016343622, 0.9857681154566937]], "t": [207.3689041435173, -268.9837097409775, 47.53098819147009]}
{"filename": "SCUT-FBP-204.jpg", "s": 0.0031459363874531024, "R": [[0.9981108208992927, 0.06094702144436873, -0.0077620732281716825], [-0.04506831043464433, 0.987649692093034, -0.15005643306137093], [-0.0014792834098495107, 0.15012277310996838, 0.9885306242184336]], "t": [298.10246310292996, -448.8029500565164, 64.91817169241286]}
{"filename": "SCUT-FBP-205.jpg", "s": 0.002316987418956702, "R": [[0.9868976699470386, 0.015582021857873718, 0.16059324284641313], [0.016329385025873267, 0.9942978438591276, -0.10538097020699141], [-0.16131956368170314, 0.10662262284903078, 0.9810157805035385]], "t": [245.87501933216362, -327.4412548738953, 68.56434394994525]}
{"filename": "SCUT-FBP-206.jpg", "s": 0.0023306426171256778, "R": [[0.9981452530318864, 0.030401308053125412, 0.05274290775612098], [-0.00847043323673398, 0.9958082640678854, -0.09107224041872813], [-0.05529053865057349, 0.09045656917807274, 0.9942188039594563]], "t": [236.94532967397473, -306.04522687268263, 47.02617487942255]}
{"filename": "SCUT-FBP-207.jpg", "s": 0.002386820069952715, "R": [[0.9976999841224214, 0.002016970710002899, 0.06775450915824892], [0.016488221456289708, 0.9889983508026078, -0.14700476408242769], [-0.0673056021203335, 0.14778380214262182, 0.9866903826331254]], "t": [228.8754232019378, -323.9878100387521, 63.662038452071705]}
