{"filename": "AF1.jpg", "s": 0.0011103720963463394, "R": [[0.9988703557132773, 0.01028125326492124, 0.04639297693114007], [0.005010889656722448, 0.9888056004175027, -0.14912536862596604], [-0.0474068310926196, 0.1491893800935411, 0.9876370835946683]], "t": [173.85825672834275, -165.65811694386483, 25.458010246686033]}
{"filename": "AF10.jpg", "s": 0.001126344168347177, "R": [[0.9998092721729064, 0.014703435554733912, 0.01285411451524545], [-0.004231179926694447, 0.9958120221538074, -0.09132641266563046], [-0.014143093791497311, 0.09125460610607417, 0.995684305972001]], "t": [177.72854839021446, -168.27476177626707, 21.217879453172397]}
{"filename": "AF100.jpg", "s": 0.0011629996453785727, "R": [[0.9994478474360445, 0.024072606474616034, 0.022902180528833378], [-0.003261385454295473, 0.985152623543573, -0.1716498519956645], [-0.026694202571366454, 0.17148038225133413, 0.9846871790451992]], "t": [178.59035985324314, -165.95677341672388, 25.88740024361533]}
{"filename": "AF1000.jpg", "s": 0.0014706810585112893, "R": [[0.9971758113185245, -0.019207904686843295, 0.07260480506677144], [0.019465271901394084, 0.9996642494480792, -0.017102384781463156], [-0.0722519269865981, 0.01846735669190953, 0.9972148960768977]], "t": [165.1862206006873, -196.93826883112916, 29.291098215046897]}
{"filename": "AF1001.jpg", "s": 0.001580244945919834, "R": [[0.9973597532161951, 0.04143704229755286, 0.05963634957105736], [-0.007344600457746658, 0.944644417901805, -0.32801368960925403], [-0.06992706185685507, 0.3267096473598613, 0.9424546620354267]], "t": [182.1971260241744, -149.937980147813, 59.04783424052633]}
{"filename": "AF1002.jpg", "s": 0.001625224358221085, "R": [[0.9982669434522283, 0.05795333761179617, 0.010223515549876551], [-0.05610508972320374, 0.9833516442745813, -0.17283449484876726], [-0.020069646657172712, 0.1719613716385764, 0.9848989174751781]], "t": [173.38423348218163, -158.18949002534555, 38.79574295713184]}
{"filename": "AF1003.jpg", "s": 0.0016883917232740097, "R": [[0.9998346883626795, 0.017989609935771853, 0.002640053231001293], [-0.007379262135572601, 0.9834453564860482, -0.1810546251725266], [-0.005853450174825343, 0.18100521309115147, 0.9834155315713851]], "t": [183.3564313785768, -167.77094079722767, 35.97458624440181]}
{"filename": "AF1004.jpg", "s": 0.0013064743123919285, "R": [[0.9660597734367168, 0.12849068945181255, 0.22409519600294253], [-0.04961323387110684, 0.9620929753137759, -0.26817090423223994], [-0.2500578782517113, 0.24795103561623166, 0.9358141603827156]], "t": [154.41999168740153, -175.30032987495642, 50.697434316858015]}
{"filename": "AF1005.jpg", "s": 0.0013342438090514172, "R": [[0.9999130331190743, 0.01175854042352787, -0.005971844415359669], [-0.004491148960282086, 0.9974550394125365, -0.07115668578251719], [0.005119947540510116, 0.07117731795033469, 0.9974211032154928]], "t": [170.62270963141626, -187.5739178850517, 22.17704596787458]}
{"filename": "AF1006.jpg", "s": 0.0012686242026409104, "R": [[0.9996904758492613, 0.024305080589649055, 0.005311831492837298], [-0.009055761755593698, 0.98194355739759, -0.18895725247894563], [-0.009808539961872646, 0.18885066296536115, 0.9818597231711835]], "t": [176.33088198247054, -191.7236569131279, 30.3572348395562]}
{"filename": "AF1007.jpg", "s": 0.001194811215462113, "R": [[0.9992390283652993, -0.03777156580505762, 0.009730005560480861], [0.050867634218360706, 0.9757277756718059, -0.21299716329467175], [-0.0014486003131269978, 0.21333002085892597, 0.9769066247045565]], "t": [185.32560702762396, -180.85287542012838, 27.18418806664905]}
{"filename": "AF1008.jpg", "s": 0.0012457715914917264, "R": [[0.9979019295447596, -0.01700139187348057, -0.0624715269959841], [0.016055241419953247, 0.9839534492334401, -0.1777015446319005], [0.06449024806338827, 0.1763257188234641, 0.9821620070232755]], "t": [181.20724304754862, -168.24520265785708, 30.489125498843826]}
{"filename": "AF1009.jpg", "s": 0.0014790726181572573, "R": [[0.9982739405163696, -0.05245811624033852, 0.026406168340652302], [0.07101721108425843, 0.9956951557623355, -0.05956267725037458], [-0.02316794805224633, 0.06133516095741072, 0.9977019558100497]], "t": [179.14557872825435, -170.94223102245834, 25.566933239020273]}
{"filename": "AF101.jpg", "s": 0.0012180264757014148, "R": [[0.9969524218835594, 0.05793365465638654, -0.05224519268468693], [-0.04460348733089802, 0.9981809356385102, 0.04056289740330518], [0.05450011220664056, -0.03810896101482768, 0.9977229442943087]], "t": [183.50227029905483, -193.37298720776502, 23.291057940268363]}
{"filename": "AF1010.jpg", "s": 0.0013870336012072792, "R": [[0.9999863877293906, 0.0016699819072707497, -0.0049432293446954045], [0.0033992845213911107, 0.9968701716597393, -0.07898294575302008], [0.004795857795009478, 0.07896506717279185, 0.996850925249552]], "t": [168.2613948242533, -184.99213202018632, 24.480218601076537]}
{"filename": "AF1011.jpg", "s": 0.001314871280058132, "R": [[0.9915785351707195, 0.040243856235595385, 0.12309525020884847], [0.009542306093529606, 0.9845140317973248, -0.17504589566337572], [-0.1282335229379218, 0.17474636536568913, 0.9758389623100263]], "t": [157.80026213134312, -165.32789636776138, 43.17311858147341]}
{"filename": "AF1012.jpg", "s": 0.001459921768169638, "R": [[0.9955578962181777, 0.022615195502025814, -0.09139490253860653], [-0.029160690786191847, 0.9977023573833185, -0.06115276105493056], [0.08980192806884045, 0.06354625263614203, 0.9939299346915569]], "t": [181.35409214094213, -190.46530302026022, 33.340501622836285]}
{"filename": "AF1013.jpg", "s": 0.0013853561052296264, "R": [[0.9788178482911075, 0.007192035331426537, 0.20460668242889357], [0.009577672611564808, 0.9986999204156406, -0.050067326163264564], [-0.2047007634369605, 0.050966448283258046, 0.9774764242299224]], "t": [162.01685700158188, -201.30711548381737, 48.28287087376801]}
{"filename": "AF1014.jpg", "s": 0.0014542823305356022, "R": [[0.997224287761313, 0.013151674716559385, 0.07328542386512951], [0.009654556370396588, 0.9710528704735838, -0.23866946240837783], [-0.07430292434247837, 0.23871452291640435, 0.968230533551682]], "t": [165.663183826983, -171.40032835376925, 39.74853109028716]}
{"filename": "AF1015.jpg", "s": 0.0013777249846622477, "R": [[0.9825922580874495, 0.047071507671508084, 0.17971290302072898], [0.03106015174089141, 0.9150962678382973, -0.4020374205994413], [-0.1833791143646349, 0.40062076698007865, 0.8977044600116806]], "t": [176.59620331605817, -171.25777346177645, 53.70894289621583]}
{"filename": "AF1016.jpg", "s": 0.001296721188247303, "R": [[0.9968476894291244, -0.060396359685295276, 0.051448652232884154], [0.05518650647958001, 0.9983116864032825, -0.018117016675307168], [-0.05026758891824024, 0.02089917759194459, 0.9984977620163203]], "t": [171.89283311008572, -187.76839826788643, 30.227082637902996]}
{"filename": "AF1017.jpg", "s": 0.0013299580542329807, "R": [[0.9996055022241279, 0.02329309912831197, 0.01569303846447521], [-0.013073454612805364, 0.9844701073684885, -0.17506482365787676], [-0.01952712955340311, 0.174790598748208, 0.9843862573749645]], "t": [172.32109228190004, -188.68534179448176, 33.681778490466264]}
{"filename": "AF1018.jpg", "s": 0.0016879878664986196, "R": [[0.9955503555669828, 0.05420705031072879, 0.07707843555148404], [-0.024284829441326802, 0.9455763888526991, -0.3244927424508827], [-0.09047334316268914, 0.3211770284649096, 0.9426853191093617]], "t": [176.41466105517802, -131.39309437016064, 66.43436322452187]}
{"filename": "AF1019.jpg", "s": 0.0017115696531577085, "R": [[0.9998670740288029, 0.013846243084142505, 0.008609054857257024], [-0.006795768545410414, 0.9928000526189558, -0.11959043878870775], [-0.010202948401291961, 0.1195160369692812, 0.9927621795709801]], "t": [178.419270481202, -173.29107074080957, 35.663111747787745]}
{"filename": "AF102.jpg", "s": 0.0012632615117753885, "R": [[0.9982425307390771, 0.026763103750828562, 0.05287330234877574], [-0.009032916203235028, 0.9977856944185862, -0.06589472238719152], [-0.054519771992157524, 0.06530131432863417, 0.9962738656051766]], "t": [174.38244125160978, -188.91734036088945, 25.288871427227132]}
{"filename": "AF1020.jpg", "s": 0.0012084416342725286, "R": [[0.9980769586436565, 0.027473935993004378, 0.05556588400881728], [0.006454549082470945, 0.9981236348771995, -0.060889640298405906], [-0.05713450020224102, 0.061131199727584996, 0.9960268699802312]], "t": [175.33569809055453, -180.24237873044217, 25.03635455908938]}
{"filename": "AF1021.jpg", "s": 0.0012021243022961826, "R": [[0.9992506587432481, -0.027906847597165493, -0.026820306828466648], [0.026341002162692, 0.9723858209649663, -0.23188783234864588], [0.03255094447092156, 0.23100759546875557, 0.9723922664847475]], "t": [187.5735390199711, -175.31411268177834, 27.524576963177527]}
{"filename": "AF1022.jpg", "s": 0.0010881188643233337, "R": [[0.9942238029647972, -0.07987251447964393, -0.07168968579171718], [0.05962691233904139, 0.984622496933526, -0.16420465845188748], [0.08370271638844386, 0.15898154538025505, 0.9836976748051212]], "t": [191.75739209101246, -184.78455867682712, 28.26540080359326]}
{"filename": "AF1023.jpg", "s": 0.0013682531884073985, "R": [[0.9982428271392325, -0.009795892697081962, -0.058440555706970154], [0.00510205880776011, 0.9900231500067026, -0.1408123980575867], [0.059236886190947684, 0.14026679918128518, 0.9883334874165943]], "t": [184.4915693611418, -175.23603472799357, 32.09596783722672]}
{"filename": "AF1024.jpg", "s": 0.001294375636796334, "R": [[0.9930186662050156, -0.009677802909977499, -0.11755963890403708], [-0.008255234308425598, 0.9960962141409825, -0.08788733287860687], [0.11795126753397503, 0.08824424443579712, 0.9890622414475314]], "t": [182.90285055430877, -190.84248289067537, 35.82881253659383]}
{"filename": "AF1025.jpg", "s": 0.001274518614340471, "R": [[0.9991011831810084, 0.027914346961031563, 0.03190007837056902], [-0.01346779279016295, 0.9955154978606714, -0.09363499386757361], [-0.034370782107384965, 0.09312120951475447, 0.9949966564283713]], "t": [177.02952215043976, -175.70217624341052, 23.25310188156071]}
{"filename": "AF1026.jpg", "s": 0.001300656822811954, "R": [[0.9990015584754849, -0.03004138879160387, -0.03306661644353694], [0.04022442992380827, 0.9956245578616972, -0.08434296070215129], [0.03545571505086709, 0.08292866339193522, 0.9958388826985629]], "t": [180.29596721363788, -183.9148045286695, 28.393247553046727]}
{"filename": "AF1027.jpg", "s": 0.001440902065954461, "R": [[0.9953972305809822, 0.01912751615201779, 0.09390682338129208], [0.017803777562193826, 0.9712413515519905, -0.23743054255924823], [-0.09574764659858456, 0.23800960071386845, 0.9664304095176937]], "t": [167.65913761124244, -177.7362832582411, 44.68751716072576]}
{"filename": "AF1028.jpg", "s": 0.0012524288009410274, "R": [[0.9970295673126661, 0.06775991783944493, 0.03661468883807975], [-0.05000440911583646, 0.997609318407812, -0.04769912886916073], [-0.03975924382865829, 0.045726545937302035, 0.9980342817325236]], "t": [181.18396433993337, -183.15281947732814, 21.439545771457702]}
{"filename": "AF1029.jpg", "s": 0.0013772314497296403, "R": [[0.9937859180772642, 0.07771274601771883, 0.07968863242467253], [-0.037487256247191986, 0.9667449099834328, -0.2529802060244667], [-0.09669836627838246, 0.2484208581157081, 0.963650715538047]], "t": [174.81451162106498, -182.32184442312717, 37.930600054969226]}
{"filename": "AF103.jpg", "s": 0.0012385322343971316, "R": [[0.9996881786221591, 0.023876670792370665, -0.007310958554329216], [-0.016415445011358318, 0.9915378999892779, -0.1287754869916312], [0.0041743625828418495, 0.12885534467997423, 0.9916206634515682]], "t": [177.97116608732034, -164.41517618774188, 25.903203471899594]}
{"filename": "AF1030.jpg", "s": 0.001210027670107416, "R": [[0.9952283575578237, 0.013464491785639809, 0.0966396594246439], [0.026425861521444518, 0.9863619772823999, -0.1624552972802175], [-0.09750906356975264, 0.16423390494619405, 0.9812995998128663]], "t": [186.7796888068604, -176.31426118293464, 30.800569710651338]}
{"filename": "AF1031.jpg", "s": 0.0012856877468762008, "R": [[0.9989314830729766, 0.014772818752006669, 0.04379104876277725], [-0.020293672055678124, 0.9907834930688495, -0.13392623617792523], [-0.045365916271527695, 0.13289445254503057, 0.9900246188745813]], "t": [188.923847211707, -162.30359461852277, 34.430753765039334]}
{"filename": "AF1032.jpg", "s": 0.0012404193096513878, "R": [[0.9995272395284964, 0.025400046794015054, -0.017324406581632232], [-0.008713771813167948, 0.9869257964179917, -0.16093956177864052], [0.013010031362860743, 0.16101443684128136, 0.9866805471249449]], "t": [172.34971410246297, -180.22193188249773, 23.72353960159949]}
{"filename": "AF1033.jpg", "s": 0.0014810363001307874, "R": [[0.9997063684499036, 0.021828037456019297, 0.010522055955198192], [-0.013196317349765608, 0.9955293225229195, -0.09352660159260139], [-0.012516517399324203, 0.09336028684204371, 0.9955250534141729]], "t": [174.15443475797215, -197.34137637885348, 30.106594532440386]}
{"filename": "AF1034.jpg", "s": 0.0016751380302373296, "R": [[0.9995764032171475, 0.0168000684776946, 0.02376492858426228], [0.0033669634069467404, 0.9915540300317349, -0.12965056531015048], [-0.025742349086523977, 0.129675661392702, 0.9910774457187904]], "t": [182.23330136947828, -169.847103586974, 33.338882739814366]}
{"filename": "AF1035.jpg", "s": 0.0012019184898505748, "R": [[0.998447801569908, 0.009717826390254659, 0.054841146874097337], [0.003302460096668893, 0.9857581994523185, -0.16813645044972594], [-0.055694031033854424, 0.16805658001450388, 0.9841960143887981]], "t": [177.22828600330357, -170.55049718656673, 29.4107012365551]}
{"filename": "AF1036.jpg", "s": 0.0012502178627395847, "R": [[0.9998189755991586, 0.018735571863008903, -0.0033157772565949165], [-0.01988798311159073, 0.9840491959749543, -0.17678135656454055], [-4.921186657088315e-05, 0.1768152989474695, 0.984243671795652]], "t": [177.2305364761717, -178.03705842583335, 25.978307033030465]}
{"filename": "AF1037.jpg", "s": 0.0016381489039328536, "R": [[0.9999660177747389, 0.006955665091660974, 0.004425157495849249], [-0.003410283660100218, 0.9996867955941627, -0.02479275458742509], [-0.004596221614634895, 0.024776821032152393, 0.9996765448032915]], "t": [189.58340704927704, -184.16987133106096, 27.425920515832832]}
{"filename": "AF1038.jpg", "s": 0.0011281811244907528, "R": [[0.9983713897144014, -0.018988212981425827, 0.05379605903322964], [0.04485454735835347, 0.9836274885877648, -0.17454235381649913], [-0.04960103505422774, 0.17667109022139976, 0.9828772504410792]], "t": [174.89483624900447, -197.37455396971907, 32.49321639225723]}
{"filename": "AF1039.jpg", "s": 0.0014372507619068422, "R": [[0.9974589922840714, -0.01848099689284129, -0.0688041529668901], [0.012961253878824654, 0.9776376410000474, -0.20989675747317116], [0.07114463112023599, 0.2084716200983621, 0.9753929931035459]], "t": [185.68626248009122, -168.5095062635184, 38.183065250379364]}
{"filename": "AF104.jpg", "s": 0.0012599034129514126, "R": [[0.999763684085261, 0.021291792942112267, -0.004385833737931529], [-0.01377148880220011, 0.9896762032649746, -0.1426581886440291], [0.001303106667802048, 0.1426848757038949, 0.9897355467157857]], "t": [182.0505626339736, -176.15705428978126, 26.020957310812086]}
{"filename": "AF1040.jpg", "s": 0.0013544781964668112, "R": [[0.9983609236922772, 0.055084176431038696, 0.01553060047831228], [-0.05004650257055615, 0.9954810932567045, -0.08070155233260218], [-0.019905797690031167, 0.07979202409341724, 0.9966061941593145]], "t": [170.50872386508084, -178.78883860819056, 23.80976141007957]}
{"filename": "AF1041.jpg", "s": 0.001723284956279793, "R": [[0.9999510962822998, 0.0031827834107997876, -0.009363489391609033], [0.005490853986967463, 0.999956750322025, -0.0075065310170104255], [0.009339192761314528, 0.007454750366678819, 0.999890372520414]], "t": [185.9026942115593, -187.18921941781156, 27.10367979362975]}
{"filename": "AF1042.jpg", "s": 0.001215854034928083, "R": [[0.999485635030247, 0.030318321378468273, -0.010452978378232513], [-0.03376481647860176, 0.9808032390669623, -0.1920545323701616], [0.004429544016677374, 0.1923086891430239, 0.9813224407958493]], "t": [173.1574892207939, -178.52483056866464, 32.43239010111204]}
{"filename": "AF1043.jpg", "s": 0.0013502831715784544, "R": [[0.999172138654923, 0.034495080816760115, -0.021566797054560737], [-0.03208264342096223, 0.9964294741677259, -0.07809613947534677], [0.01879585960587896, 0.07872340655990911, 0.9967112621005885]], "t": [171.72647830370664, -189.419191390752, 23.459128703818035]}
{"filename": "AF1044.jpg", "s": 0.0016873169149747335, "R": [[0.9994143508375257, 0.015442402007349882, -0.03053665928438], [-0.017759780820582754, 0.962763562665146, -0.2697608433214885], [0.025233827496109244, 0.2701451824854123, 0.9624739746660043]], "t": [179.1632829767837, -138.91854110606928, 40.56661961272874]}
{"filename": "AF1045.jpg", "s": 0.0013587075209778284, "R": [[0.997887577346513, 0.012035159731788541, 0.06383993975355336], [0.0027378854138923273, 0.9790047895067423, -0.20381885611081182], [-0.06495259927019466, 0.20356309098183054, 0.9769037667232325]], "t": [177.0838502742039, -152.0433813601995, 34.88721716333797]}
{"filename": "AF1046.jpg", "s": 0.0013248418738349929, "R": [[0.9994493789475279, 0.032193573465602435, -0.008031982875709187], [-0.022582159922688576, 0.9917011878368523, -0.12656539849501589], [0.0038907345038735174, 0.1266770884438856, 0.9918821367095508]], "t": [173.4535125646434, -183.82857961591202, 24.340127246104217]}
{"filename": "AF1047.jpg", "s": 0.0011596856893572342, "R": [[0.999897361129176, 0.014160958461148699, -0.0021758819755800236], [-0.008865453844636552, 0.9866646557344452, -0.16252464690796042], [-0.00015463893342203836, 0.1625272557429466, 0.9866889289119318]], "t": [179.86486995762357, -175.21015909756224, 24.241975261987534]}
{"filename": "AF1048.jpg", "s": 0.0011622187563087162, "R": [[0.997777891061498, -0.010839722822033064, 0.06574025036468241], [0.027320961001853567, 0.9908551972306282, -0.13213456478525276], [-0.06370676668360616, 0.13363703420422393, 0.9889495606845925]], "t": [173.10276701930636, -182.4830781698512, 25.909575419197132]}
{"filename": "AF1049.jpg", "s": 0.0012284401958930528, "R": [[0.9981593745052431, -0.04280078458876893, -0.042964589208878703], [0.05252402301014853, 0.9969832140868198, -0.05714628453315186], [0.045280880055739714, 0.05478442655268079, 0.9973962107597197]], "t": [187.3362939199411, -194.8894161310103, 25.77574269254541]}
{"filename": "AF105.jpg", "s": 0.001473124454405499, "R": [[0.9992313469504291, 0.02998367579090489, 0.025252612888507553], [-0.030161546484658193, 0.98557875829653, -0.16650763438450525], [-0.029880949780493757, 0.16561798992606297, 0.9857255442095214]], "t": [165.66396319249682, -168.63795438083542, 32.06889705780909]}
{"filename": "AF1050.jpg", "s": 0.0013787628626134002, "R": [[0.9984116665340871, -0.03161180167125109, -0.04663515973731], [0.02269235887395088, 0.9930071552558484, -0.11585269293125297], [0.0499713596576714, 0.11461041844105106, 0.9921472751074407]], "t": [187.58167802350494, -194.10814827645845, 31.206892962134745]}
{"filename": "AF1051.jpg", "s": 0.0015700152036385638, "R": [[0.9978447115748615, 0.06042543753820823, 0.025587068616737263], [-0.04693001517420228, 0.9910671522250483, -0.12483378331318122], [-0.03290163920402556, 0.12336392898649325, 0.9917668833638986]], "t": [187.03310148032912, -171.7660139781554, 30.23363885026117]}
{"filename": "AF1052.jpg", "s": 0.001489276966973567, "R": [[0.9898656229758188, -0.044128721130901834, -0.13497668103063276], [0.047598093293036166, 0.9969180580104398, -0.06236030089376405], [0.137312571057533, 0.05530368543708482, 0.9889153575336385]], "t": [186.3439688788752, -193.4708134892665, 37.001660223310864]}
{"filename": "AF1053.jpg", "s": 0.001440771975222514, "R": [[0.9999294698878372, 0.011424282911002434, 0.0032466921317902907], [-0.009711034370809706, 0.9658273764130194, -0.2590041983879656], [-0.0060946813811893295, 0.25895440205391945, 0.9658701981038417]], "t": [171.66895378816008, -167.1117152145119, 41.03932581444763]}
{"filename": "AF1054.jpg", "s": 0.0015190530598905947, "R": [[0.9978455882621224, 0.058878007218118984, 0.028940667785001338], [-0.040407380893059126, 0.951195761801256, -0.3059311463396486], [-0.045540856783224656, 0.30410262810050404, 0.9515256005508987]], "t": [180.01828196125535, -150.39083124360747, 49.21213731716975]}
{"filename": "AF1055.jpg", "s": 0.0014073050947756155, "R": [[0.9734970902939707, 0.08561625250270362, 0.21206902766921434], [-0.02271586589352832, 0.9604561092835412, -0.2775032460650314], [-0.22744178120014089, 0.26533127099873505, 0.9369460750527532]], "t": [178.61329481935857, -167.69575603634436, 52.5721425096135]}
{"filename": "AF1056.jpg", "s": 0.0014174757398212078, "R": [[0.9961791537972806, 0.08703823112751098, 0.007172158805262969], [-0.07150046547870674, 0.9493044601992976, -0.3061188090955025], [-0.03345260200162656, 0.3044363635131254, 0.9519005878973809]], "t": [184.97041482991068, -159.04266089182886, 38.47332665617444]}
{"filename": "AF1057.jpg", "s": 0.0013912686675763828, "R": [[0.9965940186708298, 0.07902686008848527, 0.02356092812435203], [-0.07205712069800362, 0.9861607149675641, -0.14931448560463328], [-0.03503471668747189, 0.14710819061287583, 0.9884963179806036]], "t": [192.2528296684375, -165.61888250852007, 28.388021244271258]}
{"filename": "AF1058.jpg", "s": 0.0014301518082646945, "R": [[0.9956045886453334, -0.025198611447546905, -0.09020273304879232], [0.010053088021061312, 0.9446129639884009, -0.328032443039235], [0.09347263309940945, 0.32568378949932153, 0.9407143252996117]], "t": [188.16279397296597, -160.34958499014598, 48.159411548422234]}
{"filename": "AF1059.jpg", "s": 0.0015652237144531166, "R": [[0.9998134649776229, 0.005629910359264788, 0.018475371681955354], [0.004255049704754406, 0.9855017326200152, -0.16961199708439967], [-0.019162411142806816, 0.16965897213154865, 0.9852939464838563]], "t": [192.39973029746082, -165.04111420521696, 31.22693100302614]}
{"filename": "AF106.jpg", "s": 0.0011133660950879759, "R": [[0.9998403302714656, 2.200603942013684e-05, 0.017869344654489895], [0.011351643885804528, 0.9924100757752735, -0.12244746498317544], [-0.017736412266358113, 0.12263076026667231, 0.9922513681231568]], "t": [177.61687894023723, -193.48182744582013, 23.367325731221207]}
{"filename": "AF1060.jpg", "s": 0.0017102848542901936, "R": [[0.9996001460037293, 0.019700211653446986, 0.02028422466184911], [-0.00826297282818846, 0.9951505203911891, -0.098016146859515], [-0.022116795566558725, 0.09780934671427242, 0.9949153877923218]], "t": [182.70822068644242, -167.0996704773483, 31.294375899858185]}
{"filename": "AF1061.jpg", "s": 0.0015870957475448652, "R": [[0.9999177606117565, 0.0020187390434190516, 0.012664782108060615], [0.004645145167035983, 0.9869196743815885, -0.16114583129859986], [-0.012824434015527653, 0.1611914085154167, 0.9868291333754109]], "t": [185.21291502043707, -164.53359105113978, 35.9915163010423]}
{"filename": "AF1062.jpg", "s": 0.0014580958823385511, "R": [[0.9984287606740532, -0.002991154004539352, 0.05595590099886826], [0.013523262489884356, 0.9905250106779377, -0.13666500866389017], [-0.05501693334645221, 0.13720698156486227, 0.9890091089885777]], "t": [186.3623854927588, -176.16297821377634, 30.9800018703692]}
{"filename": "AF1063.jpg", "s": 0.0013078261500829897, "R": [[0.9999236029078572, -0.01198563928338061, -0.00302205207408465], [0.02173724452131322, 0.9462928977558852, -0.32257905055565933], [0.006726062554690278, 0.32248871536932017, 0.9464811385020283]], "t": [202.4163667956468, -168.77199361490796, 38.450230851592835]}
{"filename": "AF1064.jpg", "s": 0.0011777150004853793, "R": [[0.9987515390225151, 0.02669945884249376, 0.04221968969184407], [-0.011956734339772873, 0.9813574493402949, -0.1918191677811124], [-0.04655407496330006, 0.19107487942185103, 0.9804515011962248]], "t": [173.01530785939136, -176.84640867107882, 29.09691923601239]}
{"filename": "AF1065.jpg", "s": 0.0014940847990265317, "R": [[0.9539967947980504, 0.08039461537396304, 0.288837015172777], [-0.03784392281052417, 0.9887291685252735, -0.1448532664927942], [-0.29722700449645195, 0.12725882624313273, 0.9462869053150464]], "t": [166.12695744320578, -189.19647536573228, 59.35060127501123]}
{"filename": "AF1066.jpg", "s": 0.0012482737600586985, "R": [[0.9865816848967677, -0.03723294233417632, -0.15896630784979246], [0.010876343726798422, 0.9929413580005313, -0.11810658203164377], [0.1622416771507743, 0.11479281849302302, 0.9800227162586354]], "t": [190.52471522149648, -196.97578882960366, 33.4092104581958]}
{"filename": "AF1067.jpg", "s": 0.001509322412963675, "R": [[0.9996718352765859, 0.008258197582988739, 0.02424920467609474], [0.0011798156305323744, 0.9945062983531793, -0.10467010352022814], [-0.02498037317633351, 0.10466436407536153, 0.9941701933182582]], "t": [173.58083642483155, -171.57623666447375, 26.490008327952932]}
{"filename": "AF1068.jpg", "s": 0.001350048808396492, "R": [[0.9810058684492134, -0.04808782742740409, -0.18792298135543914], [0.020853966856861125, 0.9753396293931713, -0.21972191379451458], [0.19385468046224344, 0.21162954723448213, 0.9578167221251715]], "t": [190.92644902218987, -173.02396612119998, 39.65353525517908]}
{"filename": "AF1069.jpg", "s": 0.0012478959890813135, "R": [[0.9999982789185422, -0.00014766651526509927, 0.0018494200587503957], [0.002377316882296332, 0.9802528548947255, -0.1977338838823065], [-0.0017837006189069123, 0.19773794022371352, 0.9802515188498127]], "t": [191.22976565878005, -174.6412532602378, 32.69244281056177]}
{"filename": "AF107.jpg", "s": 0.0013325932234451348, "R": [[0.9714828280204181, 0.06412711318121381, -0.22827358195046293], [-0.13853837381277664, 0.9676765891750202, -0.21073475684829626], [0.20738118957696214, 0.23634984837301276, 0.9489652554383341]], "t": [188.58244570732725, -194.73645516362942, 51.91197537692465]}
{"filename": "AF1070.jpg", "s": 0.0014477567891044932, "R": [[0.9981907153109415, 0.017588284207051212, -0.05749737494601882], [-0.010876233781553907, 0.9966037124417834, -0.08162565703247894], [0.05586644207238502, 0.08210332787271431, 0.9949918668946559]], "t": [201.8945601101293, -187.60150038135149, 26.363229242422566]}
{"filename": "AF1071.jpg", "s": 0.001339955411549568, "R": [[0.9979497191883595, 0.004760121581791167, -0.06382553732167828], [-0.014199048149013634, 0.9795057306839801, -0.20091518257439936], [0.06156109887388621, 0.201409511908367, 0.9775650580750018]], "t": [186.2212221775655, -175.72088934201722, 38.1547275737783]}
{"filename": "AF1072.jpg", "s": 0.0011899787731891377, "R": [[0.9992793705123625, 0.011821574148019369, -0.03606923970753585], [-0.022992212650662976, 0.9880261793811611, -0.15256351796839424], [0.03383381216147386, 0.1532828878281119, 0.987585982728418]], "t": [174.89925607229216, -179.5084847457838, 29.521629644480626]}
{"filename": "AF1073.jpg", "s": 0.001681990521093978, "R": [[0.9998468608138854, -0.0021712208571240776, -0.017364927889518142], [0.004173315410939184, 0.9815559255803253, -0.1911296638322571], [0.017459632579759295, 0.1910279250699243, 0.9814146720942196]], "t": [190.18181338169342, -168.6374588055542, 37.38110778030852]}
{"filename": "AF1074.jpg", "s": 0.0016632280457846852, "R": [[0.9977410032563337, 0.010604243745388486, -0.06633581563252954], [-0.016618514118768617, 0.9966040373460875, -0.08064873051674387], [0.06525532288386894, 0.08156894798579495, 0.9945289388453997]], "t": [193.17560880942193, -172.00880881194624, 34.427155395302094]}
{"filename": "AF1075.jpg", "s": 0.001745343907487875, "R": [[0.9998541470226366, -0.005661811891740419, 0.0161129937546778], [0.01825487156153477, 0.9157509713060893, -0.40133143188171283], [-0.012483226607938054, 0.40156703712892683, 0.9157207619492902]], "t": [166.51598710933567, -113.7994819574189, 67.96498266641191]}
{"filename": "AF1076.jpg", "s": 0.001296475205901491, "R": [[0.9995738559033602, -0.02624572431486698, 0.012777658223496524], [0.04202436579435119, 0.998711525775691, 0.028447160884240697], [-0.013507810882336968, -0.0278980653113843, 0.9993888906738813]], "t": [180.67402101875385, -197.39148647825834, 20.290687326764075]}
{"filename": "AF1077.jpg", "s": 0.0012803873548600142, "R": [[0.9853380340042646, -0.047413280657907855, -0.16389307356281235], [0.0016937705744810118, 0.9871028134609579, -0.1600786269265894], [0.1693691668864187, 0.15745396227658578, 0.9727102527953164]], "t": [179.22530078338335, -184.97100310604716, 41.17482267852209]}
{"filename": "AF1078.jpg", "s": 0.001331194504937258, "R": [[0.9996287350437445, 0.0036913733640061416, 0.026995663309701576], [0.006545802125515104, 0.9727802140987212, -0.23163723261293692], [-0.02711590664472798, 0.23172794209617606, 0.9723948918954755]], "t": [182.4705423825471, -180.31508449182806, 32.11081164036921]}
{"filename": "AF1079.jpg", "s": 0.001651276482096457, "R": [[0.9996339580912426, -0.019036503346141948, -0.019223979067516963], [0.032413113174696945, 0.9954474197239982, -0.08963160524702338], [0.020842732712792945, 0.08897568731397033, 0.9957000765878237]], "t": [176.85667982593415, -175.96133238059647, 27.28172673341416]}
{"filename": "AF108.jpg", "s": 0.001325073446121558, "R": [[0.9803217843878478, -0.19031593298440283, -0.05243133325505189], [0.18682626525716722, 0.9742690488235154, -0.12607841652948099], [0.07507695664995248, 0.11380186809047987, 0.9906531873949291]], "t": [184.7195329834831, -177.75800719469657, 35.40036504563359]}
{"filename": "AF1080.jpg", "s": 0.0012046016677160671, "R": [[0.983723355890788, -0.13095958152542655, -0.12303636487498804], [0.09221332385977034, 0.9759449737015188, -0.19755533708172793], [0.14594848615458833, 0.18299420700742708, 0.972136082998149]], "t": [192.96491116469377, -173.0073246936038, 35.987882791130744]}
{"filename": "AF1081.jpg", "s": 0.001629504612776782, "R": [[0.9733945944151469, 0.07581061085205562, 0.21623069820358504], [-0.006718361303885286, 0.9681424669948485, -0.25030986241560477], [-0.22831826517085838, 0.24219755104862575, 0.9428939670709027]], "t": [171.51933638058483, -160.09952793657706, 61.28586847640916]}
{"filename": "AF1082.jpg", "s": 0.0017944195124776933, "R": [[0.9985089955648512, -0.03718843976947912, -0.03996005159636192], [0.030855096808892785, 0.9884301094688661, -0.1485054938252428], [0.04502040578633035, 0.1470511002148113, 0.9881038087010724]], "t": [185.0008463420931, -166.75275015870562, 39.143143668833844]}
{"filename": "AF1083.jpg", "s": 0.0012564771070145424, "R": [[0.9995767854914309, 0.028982373667061252, -0.002504380809835562], [-0.021891045641337762, 0.981605202658921, -0.18966288048447294], [-0.0030385672405984247, 0.18963743591632629, 0.9818242275602088]], "t": [192.08114887946863, -178.3182463253953, 38.11628421920788]}
{"filename": "AF1084.jpg", "s": 0.001629750576129014, "R": [[0.9998822635684522, 0.006993914837268438, 0.013658116871560147], [-0.0003180063496212116, 0.9995937045843101, 0.02850130922214926], [-0.01345323191183791, -0.02850229694759603, 0.9994782400978616]], "t": [190.11209286195106, -191.28788684096597, 26.54324866628795]}
{"filename": "AF1085.jpg", "s": 0.001324100016240598, "R": [[0.9993630475647743, 0.03555195064325661, -0.003091596271516955], [-0.03549581267043049, 0.9973256352410574, -0.0638875932704234], [0.000811999652732986, 0.06395663863441547, 0.997952331629079]], "t": [176.3994319984789, -169.6156927449011, 24.359915351690937]}
{"filename": "AF1086.jpg", "s": 0.001230193400338543, "R": [[0.999932871283135, 0.00673030935961991, 0.009431641606278587], [0.003313657470852012, 0.9915812139659902, -0.1294438711716356], [-0.010223435931337756, 0.12946643500032887, 0.9914923484515387]], "t": [175.81019084919686, -170.22450845425112, 28.910417778375407]}
{"filename": "AF1087.jpg", "s": 0.0013998968859955663, "R": [[0.998343970755633, 0.048785539927526086, 0.03048421148488735], [-0.036701180262976904, 0.9757216642563084, -0.2159172463426774], [-0.040277745006067726, 0.21444087452748917, 0.9758963275410442]], "t": [176.64219816513113, -180.68674508031162, 31.873932829690332]}
{"filename": "AF1088.jpg", "s": 0.00147366421572806, "R": [[0.9970657881531314, -0.04661090531761662, 0.06072262840199634], [0.06726370234283954, 0.9899513276646212, -0.124386346526408], [-0.05431468638509506, 0.12810579943714823, 0.9901818228123789]], "t": [180.07167172514562, -174.6466824106695, 32.20731746249983]}
{"filename": "AF1089.jpg", "s": 0.001711543504623633, "R": [[0.9992169678056162, 0.008288515188493443, 0.03868787620586103], [0.013450594930129917, 0.9969590911457978, -0.076757097898307], [-0.039206432272311145, 0.0772173695710572, 0.9960669546205744]], "t": [174.1857984882137, -180.45385873705794, 33.47665916945924]}
{"filename": "AF109.jpg", "s": 0.0013345265838533929, "R": [[0.9981669210835183, -0.008399790451970774, 0.05993530824991366], [0.02448781758911659, 0.998894632226664, -0.0401230669126857], [-0.05953203233733228, 0.041517203060234834, 0.9972692720729173]], "t": [172.2944810274588, -184.5205446113246, 25.451210044443332]}
{"filename": "AF1090.jpg", "s": 0.0013403522811645961, "R": [[0.9912640347753445, -0.049390400625536464, -0.12229555056073563], [0.025851445319838753, 0.9900481158113918, -0.1383344901070881], [0.1279108752914915, 0.1339644880739617, 0.9826759031420238]], "t": [195.66855405322622, -186.0249521063971, 43.053384192466154]}
{"filename": "AF1091.jpg", "s": 0.001240095106179604, "R": [[0.9967857888762285, -0.033679588245540015, -0.07268958955728037], [0.050561529286513626, 0.9957809696735855, -0.0765754020044485], [0.07496193798377011, 0.07265397568429344, 0.9942832108914553]], "t": [177.96024624355425, -198.46408680696052, 27.825891935431727]}
{"filename": "AF1092.jpg", "s": 0.0013754068274887642, "R": [[0.9987659315385526, -0.00608464093509289, 0.04929088295636654], [0.012820998075184305, 0.9824083268532577, -0.18630486128316323], [-0.04729017566891348, 0.18670690664514708, 0.9812739788905419]], "t": [185.56100661466104, -168.9305256652423, 34.10079981134199]}
{"filename": "AF1093.jpg", "s": 0.0014150039205811094, "R": [[0.998963854149802, -0.02471610297612967, 0.03821429517662734], [0.030019600063063402, 0.9934675022009832, -0.11009607478286011], [-0.0352435144558942, 0.11112917704974497, 0.9931800924977321]], "t": [169.78150471540133, -197.05951554692055, 28.52395815942679]}
{"filename": "AF1094.jpg", "s": 0.0013280127111366309, "R": [[0.9922273903581275, 0.011267143494403385, -0.12392682236133021], [-0.019391839339768426, 0.9912838342204716, -0.13030854377277454], [0.12137845057186408, 0.13169887535814684, 0.9837974625692388]], "t": [189.42159978411186, -161.67168934891143, 37.639627876102026]}
{"filename": "AF1095.jpg", "s": 0.0016680265134318352, "R": [[0.999855725263794, 0.016338993583116843, -0.004643914932851874], [-0.013034816197414962, 0.9818930042858224, -0.18898735857528076], [0.0014719643460140053, 0.1890206250515622, 0.9819643177098532]], "t": [173.66007877134098, -155.08179214156925, 39.70265839107953]}
{"filename": "AF1096.jpg", "s": 0.001598086758859679, "R": [[0.9997927787175583, 0.015345726788470319, -0.013375660490502393], [-0.008049597351687313, 0.9797434817276774, -0.20009476253666408], [0.010034116621680654, 0.2001609673246228, 0.9796639849486461]], "t": [168.41318648830804, -172.6574300079615, 35.893945236097345]}
{"filename": "AF1097.jpg", "s": 0.0013630298529646995, "R": [[0.9989489487320395, 0.01602441502461697, -0.04294433548527364], [-0.014114943637209148, 0.97236274330442, -0.23304820059296982], [0.03802301077480409, 0.23340941186115272, 0.9715669239250441]], "t": [184.49116260455622, -163.1918556636324, 29.53552198716517]}
{"filename": "AF1098.jpg", "s": 0.001558768220900679, "R": [[0.9998824302754766, -0.009568066442013953, -0.011982392539389259], [0.007590561758036025, 0.9748753731643908, -0.2226216300582388], [0.013811397946065994, 0.22250450340394062, 0.9748333843345562]], "t": [174.29082361179792, -163.78223289918773, 36.8190366570364]}
{"filename": "AF1099.jpg", "s": 0.00149955707089421, "R": [[0.9967114020860453, 0.04430777141389992, 0.06784690371714486], [-0.016191701423984687, 0.9681586891082606, -0.2498130931500005], [-0.07675523079033485, 0.24789300152545898, 0.9656922226683781]], "t": [185.39736489299452, -136.4584483337386, 45.549286387646234]}
{"filename": "AF11.jpg", "s": 0.0012866754184143738, "R": [[0.998915540277394, -0.04635261899183425, -0.004379281324573421], [0.03909727249130594, 0.9911225660987368, -0.12707266524943645], [0.010230555380663508, 0.1267636421068663, 0.9918599945710463]], "t": [185.5941376454086, -167.48040579907786, 24.943148388224525]}
{"filename": "AF110.jpg", "s": 0.0011962770417610694, "R": [[0.998445011941776, -0.02989964328916287, 0.04704858616119538], [0.05139780048022549, 0.9919392273738877, -0.11582243005001006], [-0.04320628886239061, 0.11806052139879764, 0.9919335496210437]], "t": [177.57967303533496, -180.23413041130823, 28.270060260631336]}
{"filename": "AF1100.jpg", "s": 0.0012381718793512612, "R": [[0.9994919244885754, -0.0073283250870301775, -0.031019163972338906], [0.02346273566481373, 0.9946022339237279, -0.10107371720211462], [0.03159243083874634, 0.10029456967672908, 0.9942688434394459]], "t": [177.24565022601212, -175.865570739082, 24.245202146269396]}
{"filename": "AF1101.jpg", "s": 0.0014113003711145261, "R": [[0.9869809464231515, 0.04452993295621997, 0.1545499804871371], [-0.019629353872162074, 0.9950784618081745, -0.09712642952378571], [-0.15811439025059498, 0.09282821907616978, 0.9829975758126271]], "t": [167.58941029660562, -194.65308532760082, 43.37147535439172]}
{"filename": "AF1102.jpg", "s": 0.0016697105505747332, "R": [[0.9997312757837548, -0.008562854523635947, -0.02154190665175663], [0.01539311874710307, 0.9820709827037678, -0.18788197578930638], [0.022764487461100588, 0.1874998902254863, 0.98193888548514]], "t": [179.31108694622662, -158.4968760073956, 40.94073387503278]}
{"filename": "AF1103.jpg", "s": 0.0012263577166407962, "R": [[0.9999818504629947, 0.0011483212633327, 0.00591439793059295], [0.003966146989129999, 0.9872266150273927, -0.15927297404022087], [-0.006021747591708917, 0.15929354068102952, 0.9872041429104895]], "t": [175.79704256610776, -176.48879176165312, 25.85862921788945]}
{"filename": "AF1104.jpg", "s": 0.0011424296926838683, "R": [[0.9994557239756258, -0.027078140211171466, -0.018842243365961703], [0.034974081709418056, 0.9720229887910461, -0.23226735214038338], [0.024604461639845192, 0.2314819444302986, 0.9724409730713911]], "t": [175.81974733849535, -166.06649014300578, 32.3759469398802]}
{"filename": "AF1105.jpg", "s": 0.0017818332426217448, "R": [[0.9977293664484013, 0.01025701290183732, 0.06656504347481161], [0.01311919894480483, 0.9688631877257889, -0.24724888288699962], [-0.06702845519384852, 0.24756075132603672, 0.9665286906719912]], "t": [171.94589428773887, -140.5077445694684, 50.519213721180556]}
{"filename": "AF1106.jpg", "s": 0.0013909301023362075, "R": [[0.9951910305622429, 0.0018384333953076514, -0.09793586090453321], [-0.01849492921583549, 0.9988509155577064, -0.04421296283707682], [0.09774204174304, 0.04581166086516188, 0.9940814737274279]], "t": [192.6024321228067, -191.2266570422789, 32.32630824873092]}
{"filename": "AF1107.jpg", "s": 0.0015458387615781516, "R": [[0.9989771062486464, -0.006784855784674063, 0.04470690017281132], [0.0235141499112159, 0.9726307496811473, -0.23116338275912632], [-0.04191489561628361, 0.2319781719320895, 0.9717953918809709]], "t": [176.5192615852199, -159.8122258069682, 40.02444451842212]}
