{"filename": "AM1.jpg", "s": 0.0011251808685934744, "R": [[0.9996352211585157, 0.02484009021170678, 0.010601629008784703], [-0.011585130430372131, 0.9763501035986502, -0.2158848303049945], [-0.015713500241156475, 0.2156832588318606, 0.9762817274239811]], "t": [176.98194564935775, -175.53087633241964, 26.473685290945635]}
{"filename": "AM10.jpg", "s": 0.001987389035192952, "R": [[0.999691935803675, -0.002867701170810607, 0.024653798471950313], [0.008114756827268971, 0.9998644240100653, 0.014327746530933447], [-0.024691543704318662, -0.014123273085744875, 0.999579672277503]], "t": [177.26173621453472, -178.82970306315408, 37.93989890687831]}
{"filename": "AM100.jpg", "s": 0.0014307160142598089, "R": [[0.9959652155202052, 0.00415383065863186, 0.08964393545940695], [-0.004638475214388552, 0.9996074681875526, -0.027629587245497866], [-0.08972351598953185, 0.027102296642947887, 0.9955935349295774]], "t": [171.45384089779557, -197.09643211224105, 30.144895759473894]}
{"filename": "AM1000.jpg", "s": 0.0013218202364791254, "R": [[0.9990136257775001, -0.04440317500465005, 0.0003654591626205662], [0.04503323519892844, 0.9951201051796706, -0.08779512511933206], [0.0035347065448829967, 0.08772498407947908, 0.9961381629831936]], "t": [170.79153952670458, -175.46872679260275, 26.747157213955557]}
{"filename": "AM1001.jpg", "s": 0.0013041448580788928, "R": [[0.9997152044894118, -0.022289214977559944, -0.00852647690302663], [0.03331314279347834, 0.9940848648215377, -0.10337076980445949], [0.01078009495011665, 0.1030572865306973, 0.9945442777161948]], "t": [178.77662168159654, -173.7894246454448, 26.550031851026443]}
{"filename": "AM1002.jpg", "s": 0.0013189178312314456, "R": [[0.9969618955286851, 0.02673157429957018, 0.07316011071149123], [-0.0021775912548542436, 0.9780796596321405, -0.20821968569326704], [-0.07712245618208778, 0.20742777971785703, 0.9751663618873332]], "t": [170.6743936435747, -159.7554850074555, 33.846966312210505]}
{"filename": "AM1003.jpg", "s": 0.001300335899866225, "R": [[0.9996246328823007, 0.015976928310482308, 0.022256035062135294], [-0.0021080832949117462, 0.9987637629095903, -0.049663889129800784], [-0.023021997722352593, 0.04959832936315894, 0.9984225405303199]], "t": [171.51836735924797, -171.78331053779965, 24.557070092153065]}
{"filename": "AM1004.jpg", "s": 0.0012563337262607721, "R": [[0.9998872176223484, 0.014943277223826257, -0.0015001670740631974], [-0.007323615881534956, 0.9969963984156729, -0.07710088324135037], [0.0003435212973854273, 0.07710317426782794, 0.9969933936137481]], "t": [174.84155982005004, -168.1497280514668, 23.615002693112185]}
{"filename": "AM1005.jpg", "s": 0.0012827627750562655, "R": [[0.9995834291411226, -0.025710617837849486, -0.01311229639957945], [0.024824491037673705, 0.9955689262320182, -0.09069871975913836], [0.015386114969074686, 0.09033543123109454, 0.9957924542314349]], "t": [182.7001882453829, -172.71981517804318, 22.35080097167397]}
{"filename": "AM1006.jpg", "s": 0.0015569524238894766, "R": [[0.9998367876244664, 0.017411603717804095, 0.004820183478038781], [-0.0028627784886269274, 0.9965933379738577, -0.08242283182134183], [-0.006238876426997525, 0.08239558027758989, 0.996480527172302]], "t": [178.29146531040948, -172.91293455659482, 32.38201799055545]}
{"filename": "AM1007.jpg", "s": 0.0013163937938470605, "R": [[0.9989281201553742, 0.009549943688831976, 0.045292486555613756], [0.0015851293218240804, 0.9991057970848727, -0.042250368003536924], [-0.04565547451736857, 0.04227687513414354, 0.9980197378225657]], "t": [172.59163579266485, -182.3220034860991, 26.150101803196815]}
{"filename": "AM1008.jpg", "s": 0.0013582251389349501, "R": [[0.9989704845374141, -0.012605128293572273, 0.04357845527076938], [0.01793724900180824, 0.9990775665948984, -0.039016291790267804], [-0.04304645168432913, 0.03975780151788291, 0.9982751021166678]], "t": [174.80028077560084, -173.13149780331986, 24.306024861091835]}
{"filename": "AM1009.jpg", "s": 0.0015213117043626255, "R": [[0.992253194189241, -0.11294242418408638, -0.05174560310471267], [0.12708584616590096, 0.9917974060752027, -0.013678194573724723], [0.05286600338866907, 0.0069960985005930185, 0.9984675277121864]], "t": [185.62171801133562, -189.65418693255788, 29.414431514648065]}
{"filename": "AM101.jpg", "s": 0.0013789169360679632, "R": [[0.9998145348056326, -0.00682876149869998, -0.01800733205641607], [-0.004553433616307308, 0.9896119683608651, -0.14369209553498796], [0.018801510370934457, 0.1437474408436862, 0.9893973354726388]], "t": [178.79860762835784, -176.38654029551282, 27.018691298934318]}
{"filename": "AM1010.jpg", "s": 0.0013160516865858111, "R": [[0.9993265825261923, 0.030486738424052907, -0.02041911449560863], [-0.013005223513256515, 0.9998875890401612, -0.007461463986649103], [0.020189343462527657, 0.0077219944543784735, 0.9996107341132531]], "t": [174.60424744004908, -171.79398510764213, 22.759183371526724]}
{"filename": "AM1011.jpg", "s": 0.001335889173369386, "R": [[0.9999981600614827, 0.000739186406810561, -0.0017701630165143083], [0.0036879165654601655, 0.999579324509404, -0.028767573493949466], [0.0017481537530352502, 0.028760992349870777, 0.9995747592871091]], "t": [177.04711218186196, -183.60154032222198, 24.262895014548434]}
{"filename": "AM1012.jpg", "s": 0.001390309299987099, "R": [[0.9994264928448175, 0.0013191244644859895, -0.03383704051117619], [0.0019360572867495364, 0.9992141058049097, 0.03959068631227679], [0.033862673220339735, -0.03963349121924182, 0.9986384954651397]], "t": [175.58136363144922, -195.6961376419092, 26.24830947788824]}
{"filename": "AM1013.jpg", "s": 0.0013162970741590553, "R": [[0.9982389642552725, -0.002140164072365669, 0.059282290275461724], [0.02178367449172968, 0.9941054001903731, -0.10620699053252886], [-0.05870554451311794, 0.10731134234034602, 0.9924013656841224]], "t": [172.76703214986787, -168.7734745212687, 28.253587378015617]}
{"filename": "AM1014.jpg", "s": 0.0014803177599389708, "R": [[0.9938545630023211, 0.06978918966495226, 0.08592192156472432], [-0.053626847743424855, 0.995765913924149, -0.07466194390657122], [-0.09076871731706648, 0.06959539182859519, 0.9933890714839915]], "t": [178.36674492498437, -163.79445128162777, 35.341171214072276]}
{"filename": "AM1015.jpg", "s": 0.001315232029890064, "R": [[0.9967402202688759, 0.06847334393805292, -0.04266537786418745], [-0.04995170732133973, 0.9975030260699693, 0.04992534343334285], [0.04597739874008236, -0.04763138934292317, 0.9976717463595585]], "t": [169.4989307254785, -179.15157130096733, 22.838729345713386]}
{"filename": "AM1016.jpg", "s": 0.001485905804579777, "R": [[0.995480007174405, -0.046945353218331196, -0.08255718701150605], [0.04030938557336396, 0.994689031586897, -0.0947041914353255], [0.08656465011720112, 0.09094829968638495, 0.9920853826441817]], "t": [178.7326384143013, -166.06795876063669, 34.82959089061644]}
{"filename": "AM1017.jpg", "s": 0.0012626013802674947, "R": [[0.9981464724367823, -0.00185323187962397, 0.06082914674404181], [0.021236194274507996, 0.9953336330174453, -0.09412748289967705], [-0.060370855570039995, 0.09524479459347523, 0.9935281102862813]], "t": [173.21932948824087, -182.56781607635014, 25.896327665061055]}
{"filename": "AM1018.jpg", "s": 0.001338075153240836, "R": [[0.9997675442065724, -0.021497906993687827, -0.001642420789557757], [0.019692069999941764, 0.9964388447718598, -0.08198689534821288], [0.003399118525073315, 0.08193549435424671, 0.9966305550789682]], "t": [172.98377211633837, -191.09347516661947, 24.533209063244794]}
{"filename": "AM1019.jpg", "s": 0.0013882800937514168, "R": [[0.9922276959032833, 0.04130972540932222, 0.11737847361875214], [-0.018822632304243407, 0.9904677114947115, -0.1364529992325867], [-0.12189642407348442, 0.13318307317828287, 0.9835470530149645]], "t": [168.21318798446916, -188.75377010687518, 36.09540118429355]}
{"filename": "AM102.jpg", "s": 0.0013168616028229243, "R": [[0.9999233994347574, 0.00010880565197735065, -0.01237672913854767], [0.003931739360853729, 0.9905917831412221, -0.13679349618564618], [0.012245402281271118, 0.1367343556534042, 0.9905154754552442]], "t": [185.56427232623705, -182.77255828519444, 26.075497993820157]}
{"filename": "AM1020.jpg", "s": 0.0012819717535660622, "R": [[0.9992037826372483, 0.014647171429666038, 0.03711146901599059], [-0.005765335489074566, 0.9603937735884475, -0.27858671999799367], [-0.03972213121751694, 0.27815094434512966, 0.9597135372480957]], "t": [174.2519773377512, -160.38716736020794, 35.682327060666005]}
{"filename": "AM1021.jpg", "s": 0.0013816631060196653, "R": [[0.9866239934698848, -0.13394166786832715, -0.09291245943460608], [0.12331329716498188, 0.9842556673711209, -0.12662784839888208], [0.10841035998102436, 0.1134767317512153, 0.9876070458296823]], "t": [182.70002628938195, -189.68315455893097, 35.82823685876085]}
{"filename": "AM1022.jpg", "s": 0.001596922935719065, "R": [[0.998384639200253, -0.013990922624990907, -0.055066925582261506], [0.012166956081984771, 0.9971871002397851, -0.07395844978816182], [0.05594677478894584, 0.07316898334243467, 0.995746510229169]], "t": [175.5329280480835, -178.40477586720507, 29.84510918689746]}
{"filename": "AM1023.jpg", "s": 0.0013365021966584875, "R": [[0.9997527200717645, -0.0073954832345112485, 0.02097154111733243], [0.020229773211786383, 0.9976553931784513, -0.0653794519535725], [-0.020438858458166162, 0.06578753444809063, 0.9975583019730481]], "t": [168.8565715892496, -184.2052572083894, 24.14009462064465]}
{"filename": "AM1024.jpg", "s": 0.0013851767993327655, "R": [[0.9993281070899636, 0.030884485604914264, 0.01973532185980473], [-0.020496602565890962, 0.9862592491213223, -0.16392859056888565], [-0.024526993914277265, 0.1634139410624598, 0.9862296155512758]], "t": [170.06989766754074, -169.31096853784973, 27.825733301621657]}
{"filename": "AM1025.jpg", "s": 0.0012589734814206564, "R": [[0.9953233651708315, 0.04093788876284074, 0.0874956456553847], [-0.01023008110327753, 0.9863704426380172, -0.16422148254933702], [-0.09302599951907446, 0.1625583910931109, 0.9821763461937548]], "t": [173.68654951053858, -174.87186939039447, 29.932959495855737]}
{"filename": "AM1026.jpg", "s": 0.0013561905726978012, "R": [[0.9990454722643003, -0.04234505642911407, 0.010725695512017677], [0.05310264261481202, 0.9968506692995122, -0.05889696481516205], [-0.008197921451256012, 0.05941030880426742, 0.9981477820853742]], "t": [181.72550346176092, -196.02074562060608, 23.342698393036493]}
{"filename": "AM1027.jpg", "s": 0.0011494171250851738, "R": [[0.9993285780673066, 0.034249265272423834, 0.013014641227256103], [-0.02215568582791237, 0.9984223432821887, -0.05159408900638055], [-0.014761168231962591, 0.05127109930123025, 0.9985107965840305]], "t": [178.37705362553777, -182.16253482908596, 19.369344045686784]}
{"filename": "AM1028.jpg", "s": 0.0013161810836581596, "R": [[0.9957612151625581, 0.08671048250264146, 0.030674005316308522], [-0.07488863615211147, 0.9918258363163951, -0.10331119295875016], [-0.03938143436539797, 0.10057614461703761, 0.9941153297747484]], "t": [170.90123951217132, -175.75240991197867, 26.1913555289236]}
{"filename": "AM1029.jpg", "s": 0.0013780070897955292, "R": [[0.9974351600281988, 0.036983345027360025, 0.061280777819058586], [-0.019491211917685977, 0.9883895281028158, -0.1506858765600585], [-0.06614214683392364, 0.14910495477371946, 0.9865753173487811]], "t": [169.3772383860355, -169.9908807910085, 29.43640617107428]}
{"filename": "AM103.jpg", "s": 0.001475219871414787, "R": [[0.9998763345640955, -0.014112159210502143, -0.0069399237089758535], [0.009820529026086756, 0.9998625283714776, -0.013359699406943284], [0.007127503871396995, 0.013289893551669747, 0.9998774688052096]], "t": [181.436100458783, -176.42037663398176, 24.588308594306074]}
{"filename": "AM1030.jpg", "s": 0.0011341726627478472, "R": [[0.9999922069187656, -0.0039454879856304905, 0.000138658905191262], [0.013427715365907412, 0.9976599605507483, -0.06703953739347684], [0.0001261692514650645, 0.06704087682122788, 0.997705164595282]], "t": [187.35539399046635, -181.9697821304401, 19.747120328291977]}
{"filename": "AM1031.jpg", "s": 0.0014900156405272748, "R": [[0.9978702935126067, -0.053937031619780106, -0.03668342875347311], [0.043646442653081687, 0.9756819211465292, -0.21480171505728107], [0.04737712513745804, 0.2127431492818135, 0.9759581645869012]], "t": [179.65550755209887, -175.0578149712467, 32.43786830966593]}
{"filename": "AM1032.jpg", "s": 0.0013249296106731217, "R": [[0.9962920501982169, 0.08133145679697065, -0.02805966584113758], [-0.08136592714568963, 0.9816159458247925, -0.17265491826826246], [0.0135015393982562, 0.17429782322485518, 0.9845937725614393]], "t": [171.98288336570081, -164.43575115919003, 26.203431217917263]}
{"filename": "AM1033.jpg", "s": 0.0013555473988446903, "R": [[0.9942753164963601, -0.04103815210577556, 0.09865325680283524], [0.04773946043416604, 0.9982066836548968, 0.03611593310642148], [-0.09995847146117638, -0.031199527570108014, 0.9944514055584995]], "t": [165.5165432831528, -191.9837651518487, 29.67041734532182]}
{"filename": "AM1034.jpg", "s": 0.0013029867064302517, "R": [[0.9991061130664295, 0.04226734802363011, 0.0006679254002671128], [-0.04681269236607189, 0.9978305492324532, -0.046290029724555655], [-0.0026230331653868157, 0.046217384285544096, 0.9989172499027368]], "t": [168.59477959842778, -162.11062572517645, 20.93584112414361]}
{"filename": "AM1035.jpg", "s": 0.001148613355360239, "R": [[0.999956316931995, -0.003028878372842732, -0.008842517944683966], [-0.0001375768915550738, 0.9947385952980491, -0.10244563483654621], [0.00910628924694128, 0.10244237622304518, 0.994694725360672]], "t": [175.4038743644623, -179.3254230228248, 22.155999095982988]}
{"filename": "AM1036.jpg", "s": 0.0012917129904979553, "R": [[0.99954924369489, -0.023219796577469136, 0.01903025159777188], [0.031423341767086874, 0.9970608090108525, -0.06987357674266587], [-0.017351867815649617, 0.07044007488725895, 0.9973410211682288]], "t": [171.4011108067715, -160.9771982158474, 23.87480759112894]}
{"filename": "AM1037.jpg", "s": 0.00165151424878592, "R": [[0.9938268328270355, 0.11056379834001161, -0.00915821214063035], [-0.10741628122562591, 0.9914875899991118, 0.07358057763710608], [0.01721560183162476, -0.07214261133984705, 0.9972433234119917]], "t": [167.06544101513373, -185.419648653803, 21.72920220995224]}
{"filename": "AM1038.jpg", "s": 0.001251492918318546, "R": [[0.9986737360487473, 0.024404316300531047, 0.045334294660232685], [-0.0017017585436235993, 0.9932672071911838, -0.11583332480976877], [-0.04785590134395126, 0.11560255122346262, 0.9919914029540904]], "t": [176.61501441652808, -168.99074081589887, 26.036689270028326]}
{"filename": "AM1039.jpg", "s": 0.0011361173266523246, "R": [[0.999753776751509, -0.009440472356035791, -0.020081418097059177], [0.01025990517416764, 0.999079197459836, -0.04165923125583023], [0.020456209897309674, 0.04144294033914214, 0.9989300592855099]], "t": [179.74995511979375, -178.591647370697, 17.645068658909427]}
{"filename": "AM104.jpg", "s": 0.0012372030349997228, "R": [[0.9995100991352577, -0.0036649474726628247, 0.031082629982833548], [0.017796723433770062, 0.9861415360866883, -0.16494892372976824], [-0.03004734333574376, 0.16542128407879342, 0.9857236485519714]], "t": [175.28825003890833, -172.09569722434165, 29.298541944602825]}
{"filename": "AM1040.jpg", "s": 0.0016459926743371445, "R": [[0.9949486286864693, 0.022155873695362687, 0.0979098745567029], [-5.9294068784241654e-05, 0.9827288620766521, -0.18505129052709116], [-0.10031883262925849, 0.18411072227175415, 0.9777660474056782]], "t": [169.8485134917961, -164.7646746494303, 45.698590894556176]}
{"filename": "AM1041.jpg", "s": 0.0013038996757795674, "R": [[0.9990572771055496, -0.01888877404995154, -0.03908671484449564], [0.03660050490023981, 0.9969621912039675, -0.0687516716220886], [0.04026661166915912, 0.06725626434901849, 0.9967136707885927]], "t": [178.03681026619222, -192.36064070559513, 22.540526228073368]}
{"filename": "AM1042.jpg", "s": 0.0011754837880712213, "R": [[0.9995830683610311, 0.028010399378516314, 0.007007636734479877], [-0.015048591624744919, 0.9972676075264223, -0.07232467676137666], [-0.009014332201617277, 0.0721890672518849, 0.997273332169819]], "t": [178.75253119421222, -186.58425109873642, 19.50661527332902]}
{"filename": "AM1043.jpg", "s": 0.0013770274622036615, "R": [[0.9977172704225883, 0.018381019441492473, -0.06497989246521867], [-0.01522693168008151, 0.9901335863642817, -0.13929688332843393], [0.06177835524755307, 0.13996835059596577, 0.9881532656683452]], "t": [180.89993567812746, -164.03669279970524, 26.487524761532207]}
{"filename": "AM1044.jpg", "s": 0.0013766202215591888, "R": [[0.9983212511113378, 0.0023271444547673377, 0.05787282590456137], [0.019647718061857895, 0.9988783104284081, -0.0430823412856169], [-0.05790816939088689, 0.044147085819878515, 0.9971557214967313]], "t": [173.774688056562, -182.30036145543332, 28.649138616463357]}
{"filename": "AM1045.jpg", "s": 0.0012559371734534154, "R": [[0.9998479039693069, 0.012592906796097434, -0.012065969774878102], [-0.0004096457083126961, 0.9998630626403447, -0.016543523139395847], [0.011855986447861957, 0.01654594970792757, 0.9997161460675047]], "t": [168.9390639966188, -196.99706458129344, 18.400089670212836]}
{"filename": "AM1046.jpg", "s": 0.00133005125405538, "R": [[0.9950179959108902, 0.03078988011514976, 0.09482178597754042], [-0.011378815309650946, 0.9972569755111216, -0.07313718176522072], [-0.0968135725550359, 0.07169385243663073, 0.9926389895404686]], "t": [168.8511058056021, -179.78293755229117, 28.756042071538744]}
{"filename": "AM1047.jpg", "s": 0.001195940355636308, "R": [[0.9956472559351446, -0.08837301459586298, -0.029609998987772623], [0.07427276157534149, 0.9735817091459625, -0.21592177403957866], [0.047909411511090204, 0.2127827054240899, 0.9759076649825984]], "t": [170.18801622260276, -173.4816707035905, 27.87511451325891]}
{"filename": "AM1048.jpg", "s": 0.001354916568149118, "R": [[0.9990618614552441, 0.029994654166839066, 0.03123648038742858], [-0.01319525877691553, 0.9980059240336637, -0.06172568946170872], [-0.033025633181228725, 0.061255608771230895, 0.9974654434320885]], "t": [173.53827043242717, -193.74815577602251, 25.5375827876514]}
{"filename": "AM1049.jpg", "s": 0.0013272106031415646, "R": [[0.999813796967952, -0.019249778396983507, -0.0013481187609397129], [0.01892866600511503, 0.9903422753585881, -0.13734585265249624], [0.003978976228467938, 0.13729476034853208, 0.9905222432501001]], "t": [174.01959626091121, -190.2663314899311, 23.600993572283812]}
{"filename": "AM105.jpg", "s": 0.0012706332272695662, "R": [[0.9989457368682326, 0.014238199868085053, -0.04364273659270562], [-0.0159038655537746, 0.9884554465520048, -0.15067480626210905], [0.04099356268084945, 0.1512100435841499, 0.9876397968337401]], "t": [184.3092899671741, -180.60506993809267, 32.81700328401457]}
{"filename": "AM1050.jpg", "s": 0.0012972902487827973, "R": [[0.9904361870844233, 0.13714507872326911, -0.01507934665884378], [-0.12636631716319188, 0.991312514851679, -0.036483582404301516], [0.009944801277753886, 0.03804018175020192, 0.9991623059340833]], "t": [170.92124048550315, -193.88110164621105, 19.443766281714453]}
{"filename": "AM1051.jpg", "s": 0.0012448440270181643, "R": [[0.9981555846511667, 0.009735040560920795, 0.05992209788520943], [0.003320295624175977, 0.999134817760111, -0.04145589917536429], [-0.060273829210303866, 0.04157839635802527, 0.997259674954105]], "t": [174.06597805698294, -181.95510468626594, 24.125096152100664]}
{"filename": "AM1052.jpg", "s": 0.0012545651642390048, "R": [[0.999873470827391, -0.011573652691971104, 0.010912969300425027], [0.008200961884590711, 0.9792897768366567, -0.2022974967896999], [-0.008345638302539385, 0.20236139710009074, 0.9792607831960415]], "t": [169.84386903581944, -144.06143868592656, 26.293352043580462]}
{"filename": "AM1053.jpg", "s": 0.0013447659312488982, "R": [[0.9998870144911265, 0.002491237679912046, -0.014824034094799517], [0.012557083368807611, 0.9984454590698484, -0.05430455708380691], [0.014665703968251073, 0.054112274823800204, 0.9983013665223348]], "t": [174.39243666725878, -179.0911713225085, 19.42663705618038]}
{"filename": "AM1054.jpg", "s": 0.001335617949594599, "R": [[0.9992714969981533, 0.03410822216147716, -0.01712029404107845], [-0.03019942590917693, 0.9918938015803168, -0.12342885019841757], [0.012771574896874839, 0.12385595496197041, 0.9922012526964117]], "t": [177.50691756038538, -176.04864554241811, 26.793328394623547]}
{"filename": "AM1055.jpg", "s": 0.0015599146739125737, "R": [[0.9987503505847748, -0.047753777553664827, -0.014741571698585159], [0.06078389763423725, 0.9981108619462339, -0.008945672324466266], [0.015140912480767576, 0.008038443185182632, 0.9997662340177429]], "t": [176.7562815971471, -160.6338252390087, 24.57668483886298]}
{"filename": "AM1056.jpg", "s": 0.001334714499137126, "R": [[0.9976648987832009, 0.023957410385280237, -0.06395930130588255], [-0.02158120564244863, 0.9969931806532476, -0.07442344586176677], [0.06198399420651423, 0.07562997841700615, 0.995182130464149]], "t": [179.5422178807378, -185.04437354741256, 25.778390531760973]}
{"filename": "AM1057.jpg", "s": 0.0013176027065639282, "R": [[0.9996098584616357, -0.023608108567862367, 0.014926087101331519], [0.03549234162579447, 0.9976172847824177, -0.059161193271217175], [-0.013493838612705034, 0.0596678738147997, 0.9980659798946634]], "t": [180.1668959523733, -178.3964126014926, 22.795997015226966]}
{"filename": "AM1058.jpg", "s": 0.0011867055142148397, "R": [[0.9971445062038915, 0.01681002659923802, 0.07362239301415001], [0.001580433972990736, 0.9941305790957111, -0.10817529262859991], [-0.0750087017480361, 0.10798275408269917, 0.9912652782574572]], "t": [170.83717457822723, -178.87856562135286, 24.400107422010038]}
{"filename": "AM1059.jpg", "s": 0.0015160660914560408, "R": [[0.9972139661144475, -0.038379318395312945, -0.06396353418788384], [0.054465831246641144, 0.9963886510143247, 0.06513930730723608], [0.06123253732837967, -0.06844165404881274, 0.9957030399484991]], "t": [187.19687478928216, -186.44223455616972, 30.26387924791586]}
{"filename": "AM106.jpg", "s": 0.0013836111184317413, "R": [[0.9957726312471015, 0.07446522760135535, 0.05377542875238142], [-0.056110917425446764, 0.9759325569126587, -0.21073018128306853], [-0.06817326259310467, 0.20682195845717696, 0.9759852423536365]], "t": [179.8773896265016, -154.11181445932564, 39.050416891890386]}
{"filename": "AM1060.jpg", "s": 0.001359143956306019, "R": [[0.9996069929358979, -0.018990878138896237, 0.020620529119429472], [0.03466999164603583, 0.9934263389251303, -0.1090967497640323], [-0.018413133669695467, 0.10976878754301192, 0.993694328942694]], "t": [177.58821627458397, -192.7707139722603, 26.84913820193828]}
{"filename": "AM1061.jpg", "s": 0.0012363569394955058, "R": [[0.9977475068592297, 0.06626690598096528, 0.010421599104801471], [-0.04446543530459041, 0.9841604253444598, -0.1716131762102935], [-0.021628799620773208, 0.1707632177672491, 0.9848901975576859]], "t": [176.0158410915461, -165.70704635348685, 27.54340942347988]}
{"filename": "AM1062.jpg", "s": 0.0012427783141933562, "R": [[0.9998781637282974, -0.014439736304556354, 0.005928888157401644], [0.033986206664803356, 0.9993564897433111, -0.011469270441683914], [-0.005759459616278037, 0.011669373486744109, 0.999725483736731]], "t": [174.8835959156151, -166.7616912163597, 18.841652317349585]}
{"filename": "AM1063.jpg", "s": 0.0015721630653389358, "R": [[0.9990325451192342, 0.040435480146948075, -0.017290047364625357], [-0.022995738636075902, 0.9994220926640865, 0.025033511529924838], [0.01829229737789172, -0.024611695326810207, 0.999385040615677]], "t": [174.63998543643964, -184.57418433190068, 23.003255619069666]}
{"filename": "AM1064.jpg", "s": 0.0012630141244985358, "R": [[0.9995307892624193, 0.017650095226334008, 0.0250334866717853], [-0.01612319983970962, 0.978096278721389, -0.2075276173869386], [-0.028148042366068368, 0.2070266232922222, 0.9779219214575493]], "t": [167.7464548096155, -179.6183386521348, 31.680107690104975]}
{"filename": "AM1065.jpg", "s": 0.0012853236561899228, "R": [[0.9988141808421092, -0.03347667895429877, 0.03534889128243035], [0.037851644513976664, 0.9892294365455334, -0.14139439479482227], [-0.030234749045344254, 0.14256474027944196, 0.9893235366794148]], "t": [172.20599944922415, -170.2890221347734, 27.86989726120649]}
{"filename": "AM1066.jpg", "s": 0.0013359054901205037, "R": [[0.993334858792042, 0.11298984296688042, 0.022784944479060057], [-0.10366109681210645, 0.9925112895628961, -0.06461978874855653], [-0.029915694410783275, 0.06182717639621667, 0.9976087127180414]], "t": [170.6365490470882, -185.7328040223785, 24.495419352355448]}
{"filename": "AM1067.jpg", "s": 0.001418132113165161, "R": [[0.9880462670273974, 0.12203702563759102, 0.09418884534144632], [-0.09999079675310754, 0.9893746972503399, -0.10554406191480904], [-0.10606834373384558, 0.09486439869088914, 0.989750555736442]], "t": [168.9968881224189, -176.47927954905506, 35.47159360466051]}
{"filename": "AM1068.jpg", "s": 0.001632318176021083, "R": [[0.9970787362951704, 0.06364610473569242, -0.04222756185241239], [-0.05176795635453094, 0.9953405359650551, 0.08134676489985421], [0.04720820876540353, -0.07892309496911301, 0.995727712555488]], "t": [169.04133125205905, -196.38799789143425, 28.748553502935902]}
{"filename": "AM1069.jpg", "s": 0.0013080185797140582, "R": [[0.9999084582025177, 0.009698099422070523, -0.009435151438279497], [-0.00140622931756793, 0.9974887019880071, -0.07081180639827622], [0.008724717022522801, 0.07081859214480375, 0.9974110278309909]], "t": [174.21678967624717, -181.32514954903147, 22.92483553797733]}
{"filename": "AM107.jpg", "s": 0.0014500673097935192, "R": [[0.9999321980070145, 0.01161851577184783, -0.00078069207768721], [0.012086954938520826, 0.9924701468477256, -0.12188893771121372], [-0.0006413549642264331, 0.12187123720835015, 0.9922624229172039]], "t": [178.4916354940004, -185.18284386342884, 25.315309735010878]}
{"filename": "AM1070.jpg", "s": 0.0015290596003252365, "R": [[0.9930497713813886, 0.016397934576618405, 0.11654724064083638], [0.00012446438240868365, 0.9972106225410863, -0.0746388558315074], [-0.11744606946969295, 0.07413460469997464, 0.9902777397747181]], "t": [175.7861294333322, -179.51385332887645, 45.422339468837954]}
{"filename": "AM1071.jpg", "s": 0.0012785978474913005, "R": [[0.9963265329262491, 0.03831169074234656, 0.07658755864775121], [-0.02881097477212649, 0.9993578664359031, -0.021302171846074934], [-0.0773545014256584, 0.019017356799139875, 0.9967905553741121]], "t": [168.17704864383296, -175.75135836880287, 26.75663780102297]}
{"filename": "AM1072.jpg", "s": 0.001152049952604954, "R": [[0.9983319189252409, -0.03624803346055809, 0.04493839922926395], [0.03751637234386005, 0.9904780030109948, -0.1324607389285924], [-0.039709054630218316, 0.1339257093948591, 0.9901857001192459]], "t": [177.65060334786702, -168.48183888014248, 26.366429823364236]}
{"filename": "AM1073.jpg", "s": 0.0015929658916237698, "R": [[0.9999924236070872, 0.0038717246411052444, 0.00040308402039637887], [0.006355520821318648, 0.9994100827240976, -0.03375046524868271], [-0.0005335187421211979, 0.033752771350781356, 0.9993779039740589]], "t": [180.1930391154055, -197.34481784365417, 25.218751127615747]}
{"filename": "AM1074.jpg", "s": 0.0012125363650841226, "R": [[0.9988683791338704, 0.022536122266349164, 0.04188179031119463], [-0.00862586212754361, 0.999803587004326, -0.017843259675284797], [-0.04227568206496785, 0.01746180132143742, 0.9988665818867997]], "t": [177.4459818994105, -189.91665917810698, 22.823691589585145]}
{"filename": "AM1075.jpg", "s": 0.0012754147995866342, "R": [[0.9997971161288128, 0.019412950304468997, -0.0053725171926610514], [-0.0159541697168007, 0.9972994091732161, -0.07168928044973975], [0.003966307783279874, 0.07176044990209762, 0.9974067907122117]], "t": [173.25968043756404, -174.92030807593432, 24.955502855591952]}
{"filename": "AM1076.jpg", "s": 0.0012277245142284336, "R": [[0.9998944470432485, -0.008329284027934942, 0.011904528535741131], [0.008209973524608588, 0.9943664778790166, -0.10567830432593278], [-0.010957239498573915, 0.10576488553254806, 0.9943299027585301]], "t": [176.70816938469818, -164.77326678374166, 25.9528077971097]}
{"filename": "AM1077.jpg", "s": 0.0011457132900698768, "R": [[0.9997696573619328, -0.004983077295002615, 0.020875851098230994], [0.010889596939750983, 0.9992252015783997, -0.037820803919225696], [-0.02067121253246188, 0.03803942177971111, 0.9990493011127071]], "t": [174.60843387721977, -172.44666109961872, 19.974686266971077]}
{"filename": "AM1078.jpg", "s": 0.0015734622803073666, "R": [[0.9886153320828149, -0.031066220517847187, -0.14722301149454217], [0.0035897102816295243, 0.9757749381191262, -0.21874730654046776], [0.15045217699346958, 0.21572845313967143, 0.9647775832179324]], "t": [179.87097285995176, -156.8734347301172, 47.18132423771474]}
{"filename": "AM1079.jpg", "s": 0.001468325986148193, "R": [[0.9926111407087752, -0.10701045602834856, 0.05720039896214924], [0.11479996710184247, 0.9678127724342579, -0.22396295467449762], [-0.03139289879072896, 0.2288747278350278, 0.9729465368700986]], "t": [173.6333920641223, -168.79973825887743, 42.793167235693645]}
{"filename": "AM108.jpg", "s": 0.0012038139469154716, "R": [[0.9836599150078257, 0.026113559471486476, 0.17813268543006455], [0.002456337927378716, 0.9925144069887777, -0.12210290055400626], [-0.17998779800019704, 0.12054528285249047, 0.9762324934960749]], "t": [166.07853789438985, -165.48018611258573, 35.69810516110246]}
{"filename": "AM1080.jpg", "s": 0.001381170320487618, "R": [[0.9991253959115822, 0.024083345713339623, 0.03418238879563453], [-0.02641610899068539, 0.9896268890178271, -0.14121193192747314], [-0.037228666858479545, 0.14018546168648854, 0.9893975455799079]], "t": [169.97125735748145, -171.69358434403838, 28.14999771750449]}
{"filename": "AM1081.jpg", "s": 0.0013049220687850038, "R": [[0.9999407274636276, -0.00738007511502971, 0.008004751764271595], [0.010423134217183902, 0.9932338019004563, -0.11566318790114598], [-0.007096987013342609, 0.1157397668526484, 0.9932518539272638]], "t": [175.61388903030033, -170.41090781006503, 25.292824387845485]}
{"filename": "AM1082.jpg", "s": 0.0013232375046014926, "R": [[0.997895460423945, 0.030984996071824557, 0.0569612156095019], [-0.02722625386865597, 0.9857905750282222, -0.16575787548652512], [-0.06128783661082139, 0.16385819096066936, 0.984559545118544]], "t": [175.26692556257345, -182.5134985378838, 32.07780213413198]}
{"filename": "AM1083.jpg", "s": 0.0013671429258870415, "R": [[0.997891365502041, 0.05856914939432708, -0.027972797423510578], [-0.06176178993436995, 0.9896683565520441, -0.12939097860236953], [0.020105472898248607, 0.13084579035951147, 0.9911988432154073]], "t": [174.80913428157675, -172.80703751562214, 29.110489649842695]}
{"filename": "AM1084.jpg", "s": 0.0013187740624065732, "R": [[0.9964145891463577, 0.017040069133170053, 0.08287099963335602], [0.0031372300574169527, 0.9872480700600522, -0.1591584303462092], [-0.08452630510820426, 0.15884776737353518, 0.9836549214973564]], "t": [168.59371390139498, -169.85871258568423, 31.505638232158223]}
{"filename": "AM1085.jpg", "s": 0.001311598124113628, "R": [[0.9998855750204877, -0.009399728219650027, -0.011852509242583157], [0.010730081972903567, 0.9976427117120366, -0.06777820526326328], [0.012461666170052964, 0.06764327134775713, 0.9976294163195082]], "t": [171.2416954587489, -162.99199916957932, 21.1485120885273]}
{"filename": "AM1086.jpg", "s": 0.0013325792140192142, "R": [[0.9997101407152825, 0.005596768452083609, 0.023416035828545605], [0.0016630058118972007, 0.989376450534667, -0.14536668648315904], [-0.023980858098531916, 0.14536349160306775, 0.9890803631259352]], "t": [172.16517205580615, -176.44159537583036, 29.614705089187524]}
{"filename": "AM1087.jpg", "s": 0.0012505132114617856, "R": [[0.9950559885443999, -0.03847766294670684, 0.09155899254626287], [0.059718104006549, 0.994137330393079, -0.0901372085921513], [-0.08755394329225578, 0.09515929863990846, 0.9915201171209564]], "t": [182.0248085418647, -184.4052876337025, 25.972947847666504]}
{"filename": "AM1088.jpg", "s": 0.0013316264506586309, "R": [[0.9997158049743554, 0.02151967668433044, 0.01025732908112514], [-0.014349814725319479, 0.9978190147935302, -0.06443055590182258], [-0.011621482729740215, 0.06426505428644498, 0.9978442429664012]], "t": [173.85654924772209, -177.72596551755157, 25.175465220932836]}
{"filename": "AM1089.jpg", "s": 0.0015878627790538516, "R": [[0.9998191955665613, 0.007567504183709884, -0.017444456341889864], [-0.012130484944950554, 0.993555734469301, -0.11269362820571606], [0.01647923013025984, 0.11288486241314431, 0.9934678926832118]], "t": [176.57428414958594, -170.4281999730587, 30.13532614910447]}
{"filename": "AM109.jpg", "s": 0.001510444555606638, "R": [[0.9918941802328951, -0.07159219574512525, -0.10497853460829228], [0.08515456152988196, 0.992602308364966, -0.0865410774094834], [0.11039760153485616, 0.07690018994893238, 0.9906528549905849]], "t": [177.2436926091282, -167.5780963571419, 36.18063998304233]}
{"filename": "AM1090.jpg", "s": 0.0014003998641306421, "R": [[0.9988133696285586, -0.04646298229375878, 0.014596024377014497], [0.0479565546469718, 0.987655678757022, -0.1491188421541625], [-0.007487340240559629, 0.149641868247773, 0.9887119010815143]], "t": [177.29774215939855, -177.6122201975893, 34.05699929639383]}
{"filename": "AM1091.jpg", "s": 0.0013327550222421271, "R": [[0.999453161924017, -0.007972774989400567, 0.032090683680050414], [0.016679186915151273, 0.9886351187631778, -0.14940684948143143], [-0.03053478967842752, 0.14986039463865689, 0.9882274748412648]], "t": [175.7691398493079, -183.0925977808592, 33.87983586871852]}
{"filename": "AM1092.jpg", "s": 0.001265019807578047, "R": [[0.9993339638504835, 0.013873159751042212, 0.03375150564645717], [-0.004293666464820181, 0.9972037331196376, -0.07460750016283331], [-0.0346921691974405, 0.07441289116276842, 0.9965991261057312]], "t": [170.81269509132034, -186.22383303621675, 24.652557764483575]}
{"filename": "AM1093.jpg", "s": 0.0012729462794424293, "R": [[0.9967243707993808, 0.03347402740556731, 0.07362077250226243], [-0.010333315086599328, 0.9965246409875858, -0.08265508153697802], [-0.076131712351624, 0.0816235874991312, 0.9936062934468295]], "t": [165.7080008873048, -180.26759738099585, 26.926823925344703]}
{"filename": "AM1094.jpg", "s": 0.00122634122563161, "R": [[0.999695987714969, 0.0075456842952441065, 0.02347327832044529], [0.0009520380905906103, 0.994074038690724, -0.1087009623903448], [-0.024154399726103205, 0.10869026341745554, 0.993764644191863]], "t": [178.405937439655, -201.5143486316729, 22.55017654901889]}
{"filename": "AM1095.jpg", "s": 0.0014147371130015518, "R": [[0.9987557088787969, 0.04718846699696757, 0.016133275070113647], [-0.03295265589622738, 0.9243941855186909, -0.3800125159104906], [-0.032845713733663504, 0.37900803544913253, 0.9247989553563798]], "t": [170.31015875726217, -162.06869272790664, 44.22584633800529]}
{"filename": "AM1096.jpg", "s": 0.0013348633187701651, "R": [[0.9991443431923531, 0.03193119477809705, 0.02628650350968356], [-0.02698631356345769, 0.997571831070262, -0.06420421119661357], [-0.028272792611883046, 0.06343989860002434, 0.9975799571766276]], "t": [170.98319279064359, -184.46746699919268, 25.277767772703672]}
{"filename": "AM1097.jpg", "s": 0.0012537778294380278, "R": [[0.9999864781676835, -0.0035069292267908636, 0.00383991265412778], [0.013327852757747994, 0.9780313006816492, -0.2080315918985119], [-0.0030260026978957957, 0.20807995672066654, 0.9780648157427676]], "t": [173.80259411641387, -169.07878086498195, 27.151152976021603]}
{"filename": "AM1098.jpg", "s": 0.0013363760185374982, "R": [[0.9997900159826557, 0.01407049477310196, 0.01489782260067535], [-0.008408819273151949, 0.9977011501230635, -0.06724363762875946], [-0.015809725994802987, 0.06710424444177676, 0.9976099650750825]], "t": [176.2595347022687, -174.16384714319167, 25.76928134934815]}
{"filename": "AM1099.jpg", "s": 0.0012743841388001068, "R": [[0.999067033323076, 0.00827686240061747, 0.04238580512186883], [0.019748839262649018, 0.9939760258736102, -0.10780372598515303], [-0.04302275073474148, 0.10854021915353039, 0.9928852209386599]], "t": [173.97564590430056, -186.1159707991366, 26.534693626812594]}
{"filename": "AM11.jpg", "s": 0.0014001407011956881, "R": [[0.9924348116777125, 0.048626743684384265, 0.11273235723995262], [-0.020731247247117595, 0.9725886382227563, -0.23160646836300447], [-0.12090447818438006, 0.22751723944248656, 0.9662389150606272]], "t": [165.3262024530537, -180.71203073166745, 45.34076885947767]}
{"filename": "AM110.jpg", "s": 0.0014121341367204117, "R": [[0.9993417225686216, -0.009490953820629635, -0.03501490152998895], [0.011458967468627491, 0.9885141246131516, -0.15069345541478393], [0.036042949360745556, 0.1501930226964786, 0.9879721646053969]], "t": [182.80547425049426, -181.1433417515319, 29.860821377106596]}
{"filename": "AM1100.jpg", "s": 0.001519839811399374, "R": [[0.9973011621559744, -0.05402319776149946, 0.04971806579066687], [0.04533592582922833, 0.9981814680988598, -0.03972921561284151], [-0.047481352630001764, 0.04187600744529049, 0.9979367298643226]], "t": [171.32515206742062, -200.2011633666283, 31.174764811827785]}
{"filename": "AM1101.jpg", "s": 0.001372503467021898, "R": [[0.9985818424485001, -0.022512913144037926, 0.04824388742553657], [0.03917268743606349, 0.9945668050826243, -0.09644879878348747], [-0.04581042555172225, 0.09820186191398075, 0.9940382439673918]], "t": [168.63925714214028, -177.3359486937639, 29.242671475360964]}
{"filename": "AM1102.jpg", "s": 0.0013640740866894207, "R": [[0.998636617188545, 0.020359640171916788, -0.04806653578415717], [-0.014703740099662722, 0.996446975656832, -0.08292903430906565], [0.04620734891408719, 0.08352272813877949, 0.9953877998353058]], "t": [176.86065367023414, -175.00608434232922, 25.859225915178264]}
{"filename": "AM1103.jpg", "s": 0.0012910833996394862, "R": [[0.9993360437974963, 0.035409565277382926, -0.008581040381875314], [-0.029599991469258086, 0.9904451316980123, -0.1346932871405506], [0.0037296189277038483, 0.13485785541921888, 0.9908356423397224]], "t": [175.89395870440367, -188.0050473173859, 26.10793024918152]}
{"filename": "AM1104.jpg", "s": 0.0014679369768465338, "R": [[0.9992049628853089, 0.03741865072742448, 0.013758151151497125], [-0.03271787786279025, 0.9958640914331476, -0.08475996615258326], [-0.016872852265417432, 0.08424244132465951, 0.9962966013635604]], "t": [179.0234664567207, -188.17315056494056, 29.738356395891472]}
{"filename": "AM1105.jpg", "s": 0.0012767665413145335, "R": [[0.9997074352014632, -0.002143982722933098, -0.02409247477940444], [0.007419559910589516, 0.9988892949409773, -0.046530920719992264], [0.024165476635888413, 0.04633855185052593, 0.9986129625039024]], "t": [171.47839967367236, -187.13327431954625, 21.204451204048475]}
{"filename": "AM1106.jpg", "s": 0.0015598885919074121, "R": [[0.9982525443398982, -0.05908879505694119, -0.0006099324868345053], [0.054302951662880884, 0.9951003035306853, -0.08262309213432231], [0.005489042960877983, 0.08244559080996688, 0.9965701058547066]], "t": [176.7060622516816, -158.8911712236718, 25.16348717862766]}
{"filename": "AM1107.jpg", "s": 0.001379742292466294, "R": [[0.9965970959472492, 0.05880995746262362, 0.057754802854427016], [-0.04296778959336359, 0.998804695414076, 0.02330127627953869], [-0.056315421206891474, -0.025703580489107994, 0.9979327927463936]], "t": [166.96218284330362, -172.80795858652075, 26.248976046515313]}
